92485688,92689586
94476051,94737784
99670524,99903910
79330400,79623002
92389352,92658084
106883684,107120933
92048486,92344235
98337764,98604598
115122415,115380299
92217611,92447662
113146587,113425852
84714988,84964926
86926196,87236710
105063010,105292134
91900132,92128629
87626484,87880847
92387311,92683830
80516068,80789555
105025038,105265495
82486745,82819177
77084109,77364865
88310134,88547290
77578474,77818988
104626080,105688990
100298713,100571185
65617060,65892974
82557026,82844894
102454224,102635650
95934411,96254574
85051191,85267595
123699108,123876945
64706370,64925500
101931938,102223343
97410563,97628453
90592225,94087514
120008884,120180436
90655653,90884841
86612303,86871033
68809037,69164692
68083494,68402167
90023851,90256948
86995725,87222138
95134296,95361768
103328017,103568353
91069436,91284975
69611741,69877506
82414568,82575483
83947321,84189769
108148395,108386114
85036090,85258973
85302144,85569861
156838509,157050565
96876421,97109912
105168298,105395502
89697809,89944870
77568720,77822712
95418859,95727484
113672709,113900819
94049739,94274960
63435854,63688032
100276644,100530589
87519751,87946426
64247360,64484315
77226022,77517509
87698082,88010286
74989929,75257491
103321313,103577006
109799807,110063156
88839007,89129577
79209830,79496978
102908996,103135906
70092385,70471493
88427448,88657278
117298350,117544187
81381239,81788546
115914938,116141977
95717688,95981334
136462474,136713961
119287907,119546397
76401913,76727347
88624264,88881332
94956231,95194361
95219691,95471278
100589149,100830630
71422082,71712561
107232803,107474296
109763768,110075245
77537726,77772587
87585159,88840050
166980529,167198371
89627975,89864563
77345300,77622506
109546245,109773522
179892989,180066918
174469476,174672279
97791466,98072710
94676566,94915063
88796880,89026699
121944588,122183479
128119094,128355113
79835098,80129239
106874593,107105342
112388728,112578310
148563826,148786373
75472272,75835397
86415025,86693276
79883880,80128486
106431489,106658024
65982836,66246347
70400810,70615344
71888159,72141139
98096677,98318796
110589632,110853296
105163600,105406284
87310486,87681798
87681588,87917980
101790513,102026517
106210559,106391527
92256404,92552098
99363585,99600859
125513350,125747949
85901841,86294858
118424748,118671547
68746196,69202671
86469668,86744456
115095844,115351364
131567407,131799239
154847777,155152524
94354429,94605897
96852805,97039018
88103885,88412977
115739499,115969632
170502144,170787051
107453696,107686715
84014235,84269524
67398545,67658622
87137140,87384456
93334312,93570234
79615947,79909912
87374421,87663329
75592888,75854034
111662569,111917570
91098024,91331912
110928495,111165567
132212726,132460188
111656005,111936213
96970539,97193426
101029958,101261662
84606930,84839588
105357516,105597459
99131208,99370950
69693423,70099222
91280747,91555416
83738677,83966189
119682155,119875600
65278003,65717971
105276508,105529247
86173569,86425839
119795436,120052472
78147429,78392154
84968463,85218928
51150709,51417249
82599535,83770947
88379357,88647971
110969415,111219924
87323909,87628818
93922398,94145784
93302853,93558603
156728966,156960934
148381162,148608023
99237296,99531648
68941777,69307130
125778510,125995581
119235210,119467938
108176724,108431805
77357307,77586542
114522352,114803637
94337714,94600196
88915320,89176569
94730393,95012121
118239826,118470905
136014420,136250705
105334493,105564159
98247901,98481862
111766282,112010002
93937442,94176520
122547961,122836040
115304994,115536887
105522234,105766728
82703408,82996960
101926094,102149345
142275873,142570169
85371726,85645080
100827649,101007105
85907289,86178772
61649553,61932978
97285665,97565564
75775009,76213014
87891486,88094285
84186852,84434121
111040816,111282129
107843931,108049463
109396214,109646468
108435848,108738991
52354205,52612813
110162558,110407621
90586758,90774301
110772481,111021405
104321285,104527533
95830729,96065411
99782396,100033603
83114358,83341451
100124385,100353459
78323031,78582445
95897908,96157018
78184917,78431121
150348457,150579119
76517287,76818365
97213409,97467030
104247158,104491336
98088344,98336933
69593495,69839569
103968742,104235592
109313345,109553404
67994464,68334583
88062716,88323551
85622147,86694354
99728281,99956864
88321990,88582875
86584086,86844439
69812956,70229923
154393250,154710781
93734313,93962284
85204340,85458848
109632803,109895080
98247065,98432722
93002643,93183637
66997981,67272727
104218909,104475051
104379120,104649804
154679440,154921690
97799774,98036519
90902496,91076390
87721346,87965466
67944164,68303976
86073316,86487985
85401911,85641979
81482262,81759993
87986729,88206902
74156747,74393460
90620561,90854698
100283053,100580320
83942924,84181438
109490476,109737783
63851126,64116655
64804371,65113486
115484710,115719314
85052597,87841292
68576995,68994756
87573099,87807514
107982640,108215720
115081451,115333847
84714809,84977403
73209689,73465970
86825843,87090279
70088239,70420948
87774857,88022968
167916544,168164226
77038305,77320052
91055739,91303500
121323194,121619666
91666708,91923760
64256285,64476035
95929102,96164481
92728061,93003152
105927077,106173628
80353467,80626467
109902043,110199664
107943690,108190902
114846040,115105661
90925639,91161699
81066467,81329944
107251617,107418481
115168235,115459956
64172613,64463892
83634098,83902617
100952746,101204458
84330339,84622232
109626621,109880259
168837121,169138137
88117396,88382841
107042058,107282398
119218906,119445426
108690579,108926811
107963732,108262295
169631549,169815684
121258749,121510245
94764785,94998857
88028006,88374855
69563891,69878868
84823202,85059884
81734390,82007060
51578602,51853073
111551288,111793128
110917912,111122285
148677340,148911822
120993617,121312997
100625371,100796590
102495806,102728036
54764988,55009736
110602699,110855699
88216481,88447646
87913989,88122396
75749508,76061823
62705122,62876901
90725942,90964980
113270573,113496815
107491137,107721691
90401994,90649031
75509073,75814616
74606869,74882547
188558279,188746704
90376994,90646202
110995167,111248436
115512801,115692061
84676021,84965301
114736238,115014588
107157072,107401817
84106065,84332644
110306929,110557071
82353559,82648500
91471350,91713659
70325177,70580861
87748536,87989301
78250031,78469582
113298201,113538806
90470758,90716595
108065544,108303787
90407853,90700354
74741480,74947634
89302017,89482222
84362471,84610623
110026577,110260440
90108040,90348162
74788081,75025096
83920654,84204962
68040028,72068644
94836525,95133771
87376761,87652497
76003913,76255995
111954539,112190937
104974922,105227882
114535819,114808803
67135254,67387707
110336428,110523110
63256065,63413796
90394643,90565593
62739122,62990918
58318424,58587916
88380459,88669417
67053342,67425949
116487538,116716933
111154557,111386288
78595723,78892675
84549138,84880556
111012998,111247628
166706894,166944938
79715173,79983560
85618910,85881983
61981763,62239769
76589267,76910218
50710854,51101006
69606581,72007709
88575651,88841060
82455787,82826673
77190691,77496116
108060955,108297583
69598050,69854589
63614317,64055867
88643083,88876329
125903717,126133356
69823893,70069907
94053707,94310360
91583958,91831067
89711260,89939842
109132710,109425625
64284233,64593680
93549574,93763738
88978260,89223159
91126443,91357999
77303618,77582385
71789893,72052767
59301590,59645294
125727223,125987104
94380481,94707565
107256847,107479639
84320167,84547780
108292790,108537424
59357689,59681726
96503870,96729341
117835417,118073298
93467492,93699147
76358205,76597461
101377811,101643996
67753514,68143390
130972478,131214893
167561816,167794368
117698578,117936226
91538005,93598792
119099938,119356152
89652388,89890798
71976660,72214285
73632625,73866214
82628337,83031639
85156130,85428367
100096583,100387050
92046972,92301851
63452302,63705018
32802841,32994535
79555264,79823730
66568629,66840706
144189747,144380358
94111809,94389758
85882053,86137600
92435984,92742172
81205590,81406015
148196973,148515034
115316671,115546006
91962111,92250076
108699028,108930851
70976926,71211506
91753730,92054728
155496288,155781866
83887214,84213222
108957250,109211151
66632022,67055787
81455715,81675087
107642929,107926505
63854435,64111621
63976326,64205672
114887525,115176148
79722214,79902935
111275493,111521116
85936535,86204855
87691136,87875090
100006421,100251586
98506836,98703788
90020255,90322858
82761421,83044171
97966703,98192583
101678363,101885776
72380337,72624654
85528410,85781477
145586024,145846201
86916089,87211592
68569889,68957501
97772209,98030914
70122188,70505004
99981557,100223908
102637505,102865543
117711823,117963890
101930671,102219797
88402126,88643984
84709859,84962854
86906295,87151582
107497575,107717333
69949221,70356485
102172145,102385473
107491018,107793296
126606318,126820239
63488288,63861475
67309980,67690955
93499694,93730572
83047367,83271356
70087170,70235849
100444715,100731492
93423377,93618465
90084701,90323185
96495621,96683716
100899779,101132030
84120533,84336326
63333943,63592905
50051017,50347553
99447524,99693194
108678511,108861820
76958072,77265842
87298559,87483419
99035512,99291591
84795346,85046469
87697795,88016928
99242946,99510546
100477596,100650370
107961349,108215630
75976387,76153151
92539377,92705143
99654004,99810703
100455727,100715568
63446215,63708236
68043211,68321060
115116815,115341483
93134286,93358829
67631688,68008474
86950056,87204613
74069931,74362917
63861946,64308262
94430843,94694635
82946109,83163765
81361415,81654953
99844387,100048929
85043909,85284431
66446077,66912632
108520000,108778796
83323827,83598643
87880967,88108219
99086694,99285487
88397131,88655915
88417560,88647893
113056902,113668115
57747742,57922869
82964494,83241972
90012513,90244167
65130673,65478097
106632954,106856582
102174980,102403816
100337079,100565874
85133384,85384624
75198907,75465004
66419638,70621466
122438757,122600782
101788132,101975939
118275959,118559677
86459137,86698058
91771147,92047194
51419874,51698721
88411239,88614961
107330842,107588730
51302581,51603808
66844756,67214724
101560396,101813787
98758645,99027387
70597010,70843817
96195101,96363464
92839258,93006970
88385358,88628196
91195351,91498006
107831234,108055685
93806419,94049769
76762281,77069459
92309722,92601705
82895762,83311584
95178672,95426956
107270548,107560731
91815018,92051217
51221201,51487508
88838135,89097081
105856366,106093071
93612220,93845264
79580329,79853560
91327923,91605681
66594592,66987461
76784158,77018403
98564800,98816174
104456141,104658412
101583513,101747461
119122654,119364458
86000084,86292815
97881248,98122762
83879872,84109961
85763924,86179453
110543265,110780018
64971341,65196440
70342779,70567890
100590593,100826550
101336231,101584203
91109502,91348369
66065624,66402852
90719784,90970629
80052019,80361367
94431446,94660646
76210972,76493979
104183146,104429357
67784365,67990723
64598822,64891559
66538707,66803644
111240057,111478797
103109638,103363539
65383643,65685453
90867297,91118156
124933823,125174008
66549195,66856656
90677454,90939696
88153032,88377997
80373288,81801418
114932118,115189945
118818361,118999769
93861313,94051340
111324302,111548204
87173501,87443226
64228461,64481122
99816448,100070263
96268740,96487486
84811047,85062636
148954878,149192596
101738706,102032172
108143263,108398767
75045698,75308035
86842267,87027852
97116437,97354439
98112354,98341903
87317083,87501380
83461821,83760684
69074799,69454406
86942913,90783825
114373029,114693360
111255574,111482979
115241559,115469876
86466476,86781439
82651461,83052063
120329188,120561539
110754796,110991277
72594279,72868291
103712600,103887876
101136763,101435917
79134399,79402951
85741759,85975304
66754550,67152996
119040933,119289337
86238394,86565072
66184177,66511185
107717124,107950292
78476139,81992988
90160015,90432980
63191375,63471031
83167637,83329634
91502658,91746053
94902447,95203086
61952204,62226644
110775373,111017621
87891285,88171186
107292423,107541073
100654058,100862742
66347829,66597957
197216579,197461334
68423868,68831535
115105774,115350606
70408040,70645723
169810493,170061099
106443284,107623327
127594410,127763705
66389804,66649757
100309263,100546810
107343550,107575755
91471143,91741570
107816455,108132230
105068636,105310980
122085576,122329789
100469145,100664266
108379878,108575739
76537745,76813234
66124901,66450506
85189592,85460305
105561635,105806772
87870659,88115583
112561360,112804456
118813065,119046207
99342958,99607178
99346796,99628922
88814096,89044320
90032213,90260029
80211445,80515280
85325586,85564659
97708941,97925264
68513116,68951769
67843498,68086329
100701564,100951665
89776488,89944941
67513377,67807002
74551186,74790081
111376344,111547082
97768881,98061204
99798073,100048203
66217773,66481935
62594518,62823078
67778836,68012478
107758793,107983687
75793078,75948642
101208276,102230143
74330670,74563611
66688612,66981832
63368531,63632808
67782066,68017578
89533922,89738825
67463004,67834266
96726814,96989253
69831915,70052006
93374383,93561617
130202350,130445316
78623703,78874939
84357936,84626196
155219560,155569836
68737697,68991009
77713479,77933547
64811241,65110483
89124273,89384862
111323470,111579553
82581038,82985236
101292293,101554504
112201372,112457065
75860237,76101343
166453128,166731005
105780288,105978212
170505064,170720522
103018077,103307096
97260750,97519408
88195303,88442301
109372516,109591053
68905462,69274958
66306110,66565390
82841251,83015689
101889698,102167292
99257475,99440586
80353629,80613881
93034199,93272786
122724683,122958370
114914370,115174240
79071613,79394414
82857891,83067696
68744961,69072558
76342246,76550822
98196896,98410219
98767450,98981622
84881880,85123493
83181789,83438141
109822890,109995443
90848569,91114875
92619390,92812802
94741765,95004668
84418822,84708464
100498718,100678167
127690951,127915226
148584890,148801970
51238831,51497129
64698755,64949098
77549537,77775524
85416548,85705209
107681800,107951857
64337400,64598417
93288550,93458332
75261633,75502870
76779995,76967662
127911028,128086663
88372698,88668616
94883790,95131008
74478922,74767888
86203251,86444612
101203466,101472484
104126876,104307499
63219827,63499647
91542251,91826122
65656434,66067570
94436260,94667978
101634279,101883260
91139807,91412239
68409037,68677521
83169052,83438194
114820812,115107085
93668213,93903759
117536880,117769181
84648063,84898091
73977631,74265589
87821807,88054202
84395305,84690694
71958487,72221074
94668593,94902533
89959398,90164543
63455913,63729480
83807102,84036393
85205791,85443505
100317679,100583460
67827286,68143774
114679564,114932694
93001445,93235498
59431682,59701299
110893141,111119935
84766432,85033348
106101949,106283599
101041511,101276268
84571810,84762965
170286846,170468315
64115546,64410989
118673297,118922969
75891646,76190865
82288328,82567450
63455611,63742961
83419458,83662696
83978290,84197474
126630346,127405321
69919051,70118335
179279416,179449928
67947893,68331382
99831350,100066677
64635006,64958753
107126584,107377747
85031133,85289526
87770664,88003923
127656772,127831716
64119307,64405778
107081900,107363073
83634717,83866137
127586863,127830140
77346255,77567397
94085388,94323995
111296216,111572716
93933596,94160865
77968009,78206012
91123871,91381962
83907862,84147376
110629990,110873914
63760443,63986770
59373494,59699742
59308921,59588835
97635438,97868272
95668277,95937929
101684168,101931133
74942356,75231490
88580605,88753272
121419576,121699105
104246257,104476397
88044023,88279520
90239625,90482747
118298868,118530020
97275309,97506753
94109927,94413646
101867267,102057024
68654263,68898758
89241304,89433659
62114970,62400142
95170788,95394273
70637157,70888634
122034866,122779046
85379015,85619279
97117826,97345320
65773739,66086310
85180022,85498834
109090808,109338056
91883481,92123910
85015331,85280350
93339566,93577305
94299109,94524996
73813128,74100501
63291089,63524111
114045906,114320685
67733070,68179177
91003860,91253105
93283826,93503552
83758808,84004450
109408152,109635740
87379678,87628762
110766226,111036069
75861668,76132425
101978306,102217195
78227525,78477572
148702386,148938066
87468894,87693194
136535458,136785162
94089714,94335935
113874011,114118253
81851423,82131041
87863111,88099420
132706262,132999239
114804000,115038222
75891744,76166824
84901004,85141288
63416266,63721709
154564601,154731608
111027309,111311313
75984650,76243124
108196820,108438575
87663824,87905360
86258772,86493597
67434981,67720229
73976330,74246191
114585437,114865980
87241725,87473821
86864891,87099532
86310082,86625017
87963426,88201621
75516005,75787097
129932372,130162373
68393704,69848716
87275175,87542899
88984540,89241582
66665703,66946876
65737089,66033756
110469974,110714531
63496673,64185994
92195315,92514820
59581357,59870086
68891904,69135629
97148542,97387758
167860852,168100001
99085776,99378935
64724868,65022649
97776708,98020713
83052679,83224826
84742928,85020713
102825131,103075166
103404635,103627155
94566746,94825494
89733706,89903318
88315324,88559741
64083150,64366864
74679257,74953903
90208864,90451055
107559994,107786741
98259897,98527170
88570854,88813960
111151799,111380766
148546967,148776057
67063830,67457614
105291360,105469551
101407368,101678314
87377653,87605403
71221280,71450417
132734080,132910802
86016709,86191786
68141172,68428358
51697228,52026761
88590803,88824767
78796855,79058576
89991322,90237528
97020503,97246423
70392003,70588633
92201338,92442349
88352248,88660170
122069700,122332048
110090221,110320407
117709105,117948130
89280977,89473691
87831652,88104502
64662247,64925456
90025757,90207499
109230725,109484386
100430302,100607405
77316690,77617269
63387749,63668131
100750612,101000002
103163620,103425834
97568494,97847442
100686030,100945097
51122275,51424229
62903142,64155491
83316007,83528917
90993842,91219795
79488319,79750809
81313317,81578864
149708218,149965133
95248356,95414061
85628552,85863355
107660589,107907035
63047497,63247430
67741698,67995312
68436629,68835365
89882521,90144479
72352592,72587816
76557269,76832938
121834606,122098669
71434678,71695577
76808503,77109776
75426529,75716728
82652206,82882525
141313009,141553525
127595755,127828045
101304116,101541857
63164837,63414563
94497334,94762341
97558525,97780244
93738945,93966168
86931458,87147812
142230158,142483741
115137957,115351885
118202906,118483834
66422683,66792732
107840853,108060836
78770595,79013273
98156623,98392907
63355945,63619106
104665512,104885505
89371078,89583986
90219480,90386141
80282939,80475388
131112358,131346126
87419107,87658845
79346999,79642872
84597870,84890083
168817374,169005809
98433986,98660000
87512947,87750991
84686820,84915925
113317010,113525711
87888725,88116023
67893466,68257284
86230736,92503595
88213565,88467558
98218408,98466604
110942897,111203915
77384908,77605035
94083368,94305037
71653013,71892810
97026862,97297206
96093861,96266714
92759412,92938080
68356674,68647716
77654691,77908314
77314821,77546722
108638850,108856662
115111356,115353354
75116966,75363518
104384292,104649107
95665460,95845017
68386419,68741061
121811701,122036699
85180617,85472147
89225305,89377475
75971479,76187955
167598653,167886062
90721080,90967537
114073659,114330899
94649065,94880304
94276430,94510454
104159232,104456496
98194626,98442210
82266131,82529149
87636913,87890360
111602499,111843856
107332559,107569504
97797833,98025882
97234692,97445201
68610179,68857989
86192345,86446224
63594958,63868451
64664122,64920887
86038221,86284514
81988775,82249219
109534537,109863643
93870162,94114419
75973858,76249918
64725594,64987165
111846078,112071360
79908741,80160597
65994161,66396407
101253676,101530616
120600958,120823126
82808148,83047551
85583969,85823757
100733417,100958232
77199146,77446678
86816376,87090028
91081038,91288840
86100372,86324133
93870167,94092517
70766801,70990719
64796546,65052150
101353586,101573579
89276814,89487353
66905054,67177276
83902888,84147122
93919625,94149988
94816719,94997041
73374079,73645346
78338463,78567433
125799149,126084222
98105926,98322085
79032947,79297885
97141286,97356584
107845381,108079685
96372422,96540597
114941936,115201632
67896884,68248774
129354217,129527962
94884735,95146049
95009677,95249888
93450523,93693457
67813165,68104678
141349309,141542253
84427284,84661020
84994151,85235731
117745045,117989750
109940956,110230359
87860866,88091117
108396124,108572291
98943070,99112372
96460693,96686654
93075482,93256281
105042444,105268047
114796983,115078239
82880978,83156008
93352438,93570136
105137752,105387049
93745449,93924470
67644700,67935037
83875369,84145506
101466228,101627916
170753943,171000792
66002729,66364810
86624487,86851688
63408192,63683812
62972901,63267364
124765239,124994446
94810585,95000618
36065836,36335398
65765001,65944097
107873394,108113651
103562948,103759064
63467717,63802323
120320933,120524556
64223919,64517839
111877582,112051888
55719121,55929961
122794641,122956191
77680681,77958058
83722141,83964985
96586356,96747278
83424448,83726146
94700798,94944523
101125128,101349035
104575177,104816072
117570455,117870704
67955659,68210822
83127004,83300564
76944770,77160804
63114616,63407042
101347587,101558023
102084895,102356822
140787845,140973428
108033092,108274946
114105528,114328628
120683048,120910297
101524986,101801021
90214905,90416624
111253483,111466718
59057248,59338162
77483170,77735471
68322932,68674214
71759479,72031593
87598335,87857347
83526624,83677781
90638466,90822832
86118758,86373699
68006062,68341365
102244246,102515340
94697633,94958985
66185661,66492866
67800514,68152304
75116975,75355777
69405110,69666874
94136390,94314909
94704645,94953633
166718938,166891517
97492550,97751079
106541231,106769242
78849293,79092978
66421870,66760577
117861874,118101557
104619460,104844266
85318319,85542565
99585463,99862916
108218694,108416889
64277589,64551757
97591505,97779394
87918030,88158060
109082907,109317193
82120287,82365945
95235315,95503087
93467300,93671991
86568996,86871748
100051740,100288227
86998595,87243444
113902426,114144122
98150906,98320420
77555113,77783548
109996499,110172023
91091053,91364152
117041983,117246613
118927159,119158600
107272166,107539326
106595728,106761837
53642570,53818617
85080176,85325270
73978155,74256651
99272073,99436704
91398241,91652073
89984854,90245829
90643194,90872086
107114017,107336851
114526065,114743031
127058388,127230602
89139847,89444156
87363562,87585025
64838855,65118660
66122439,66403275
84147678,84398225
110007284,110246804
148198649,148465590
69364284,69722466
63437333,63847845
64148156,64390734
65530251,65776879
85046762,85453355
107595824,107859747
76880219,77179753
73402345,73660464
88226240,88469501
64220725,64546182
87802717,88091451
77089458,77326050
104527834,104758752
117545787,117826903
68158481,68531499
76950968,77225696
71628860,71955311
85501860,85750413
120889360,121126899
110363678,110622475
102388799,102549063
91403351,91614053
68831145,69069907
83719580,83892841
89749085,89994555
86075291,86311748
107959856,108223737
71231901,71465332
92780113,92997839
108704764,108953054
148320319,148553983
100200915,100384513
173650486,173864859
89720599,89946299
92719677,92961431
107198414,107427164
91541713,91774733
85088220,85349579
90817655,90982098
97348644,97567248
117206969,117383412
95930855,96103736
113280616,113461908
86539614,86765585
100262604,100518698
103748600,103968568
114365605,114600723
83823288,84032199
66231841,66493440
80449634,80746028
90067787,90353372
75510143,75793387
77913930,78154821
119028056,119285992
154138982,154381466
121441002,121700723
78178624,78433385
107992492,108236207
121669600,121897933
127403608,127616934
93863861,94198319
127942688,128166767
81873567,82219850
82948318,83213020
85060059,85248984
66388817,66779601
102743299,103003218
124629010,124814642
99201765,99427541
85036900,85266283
107314701,107499798
71672792,71944554
107915512,108177967
83666433,83847616
167775942,167952031
59581722,59846429
74753246,75010556
66395314,66697629
103249475,103512886
64811121,65202342
66714148,66974717
97645498,97857526
94535894,94694886
86277632,86459996
74793217,75096516
117860032,119282828
126293432,126536789
102949089,103122224
74587441,74816977
106923919,107153771
89470016,89636646
107761020,108024057
67582051,67863566
118276891,118510590
88544659,88734637
87862758,88018526
102212302,102448227
95105395,95356936
120480902,120710924
101171433,101409652
63105053,63382913
110602413,110831551
108591367,108814588
78470390,78757723
111034521,111238114
88828518,89058871
104558959,104789199
84607770,84827303
120701288,120929302
94902422,95181582
80084099,80351067
110864247,111088709
69515531,69770570
81865968,82128732
76082808,76325634
78344144,78573508
65873815,67825199
113563553,113801490
90056710,90211526
86383259,86630848
147971660,148197989
63192740,66808216
103887583,104134267
92191232,92384880
104452713,104676039
111841731,112082901
63683699,63957365
66903620,67171808
108738382,108951240
92652991,92858873
84849212,85082922
118115018,118346853
73733263,73899744
110200394,110422301
76509178,76799938
148436892,148733434
90188935,90419832
95120959,95350382
100527851,100751909
110288109,110541528
85546163,85778355
120762173,120968605
84960746,85188007
92285735,92514088
91494092,91768859
104136216,104360331
51124064,51382628
74356952,74607791
115248820,115474093
72084989,72331506
125475008,125746326
103227245,103397694
51194283,51446223
97321957,97524901
91745468,91929022
87474103,87644110
90937140,91119319
85010432,85246275
117461640,117679614
86816494,87088576
86530135,86801167
126653806,126885621
91194848,91440717
81525545,81797824
71415973,71646530
119263628,119525568
97436372,97678126
90428362,90677496
107604267,107834436
77538920,77777951
83511466,83779404
91138577,91367993
69380510,69683338
79660194,79918144
94461446,94690941
113696783,113871420
104702824,104932651
90463606,90723170
114114304,114346547
104942806,105172929
87540449,87769075
70768774,71075873
70519252,70758318
154462434,154724132
65630180,65913281
100331133,100554379
77214938,77469313
59568756,59835626
149055152,149217639
110305540,110535411
117606540,117772323
64276433,64549936
62972069,63237030
75374395,75653726
134318255,134525082
66382873,66786326
63241520,63470787
93440449,93665582
115518672,115755066
91252969,91517768
97275901,97446035
69482627,69841250
115550386,115824118
92157624,92402621
87307810,87522396
86350722,86567956
84656349,84878006
116390669,116565913
75781938,75984099
113152039,113340391
67894972,68146491
148858637,149097949
94322844,94557999
99235497,99470957
106523039,106847085
63350694,63621042
97200304,97369949
86940834,87097601
86913912,87195475
94412229,94632824
117534252,117755361
108239520,112360608
64608833,64862872
87798916,88037359
68402736,68639848
79981409,80214672
81704612,82095205
107658815,107820034
81125771,81571077
51351260,51598751
26794738,26991156
107657395,107872820
88541147,88760083
75506279,75747180
64082177,64345526
84043087,84355980
84672797,84938318
84955404,85194284
154539266,154761108
99305643,99537984
83455522,83721296
117506685,119099114
90171790,90390299
75729080,76024465
104688006,104922525
66544723,66927399
85811243,86054220
44070575,44323443
86489496,88078604
88255153,88550189
85327819,85578806
90695588,90866903
87380251,87545076
68960131,69202933
110982419,111169214
106764954,107020072
75061942,75299598
87245996,87482669
64833561,65110621
63160337,63435425
85096285,85340149
120645689,120873574
99771806,100002119
85699119,85934418
73324600,73489566
84350278,84578972
75504379,75750472
94494310,94743018
93608615,93815086
89876376,90110831
102536808,102781904
84999293,85220929
64976764,65385145
109129189,109352790
115092078,115313635
106891898,107146969
85433852,85706937
63720105,63933793
101941889,102189989
98620037,98834503
149358201,149583828
96848082,97115012
84835520,85082367
76339262,76602462
84017303,84247793
88739932,88982968
115209091,115437386
69034271,69318510
125817054,126085081
71477889,71713368
82196919,82575068
68364343,68616242
64341924,64624321
68645306,68906616
66422364,66704492
108332586,108587542
81774710,82186495
91100354,91275861
118031708,118242720
84264862,84428057
68106235,68394115
90869592,91119782
88388565,88624801
99382762,99540146
117462267,117686271
69663339,70034523
112922826,113163314
104396763,104661156
75801571,76075835
106346785,106517976
97942063,98190787
66152876,66527997
84274958,84604813
99858004,100093198
110176441,110392917
94452941,94655212
107816144,108069282
77154333,77409754
63942508,64153889
96140803,96322810
100441539,100684263
73670420,73868758
146497192,146711014
62477525,62729457
78251749,78471334
115183096,115426787
101585584,101848985
75348734,75645948
104354899,104583920
74363803,74628669
155035264,155252546
109475986,109713593
67083692,67371723
87357114,87579518
64400687,64686012
114333839,114550599
89430773,89647637
126691667,126908633
154371365,154648680
77943058,78179124
116164307,116377021
103087829,103301538
73186490,73440369
84685442,84947469
63557183,63846288
75182131,75437456
107515143,107747118
72968628,73250243
109282270,109513500
108476337,108710631
89611396,89794166
50203689,50486341
83494639,83728977
141569837,141803451
75136879,75374555
83984721,84368502
90520670,90717202
78823189,79097983
112964056,113119745
108952593,109176300
67911302,68160645
94398319,94580249
65835669,66097481
82354227,82703961
136261145,136498621
87415134,87648126
84810374,85039060
70455930,70718388
104164824,104398343
129313762,129514941
77341227,77548082
110060747,110216358
99236800,99429110
88312061,88536831
107196727,107424489
87248499,87514081
106603353,106769394
100184888,100386992
94684161,94901186
121539214,121757045
69186982,69442364
88456379,88723040
63297194,63494099
110057730,110307114
61991559,62230309
101039355,101284832
79507459,79748776
93857008,94081616
142079317,142337889
91469689,91690169
91499823,91724017
110685290,110929558
87768983,87992631
76028405,76295243
84677721,84904337
85988466,86247420
133501157,133740580
135993601,136235228
90882785,91097989
82422261,82628886
87105499,87328880
109679635,109944358
114642751,114865594
101524398,101759405
93914161,94163467
68108033,68492512
76940120,77150883
79273210,79531952
97843357,98089289
91737037,91964949
99125232,99375664
78791279,79042046
133574420,133794965
84153820,84419598
91112213,91368489
75327403,75599845
97255474,97470621
95005029,95221189
69549691,69874160
91400116,91629855
148795993,149017945
84673250,85060626
91585754,91799661
114699624,114910411
68641989,69031251
89218653,89442563
114728965,114956307
111466198,112820647
87614790,87827977
104818806,105047184
66777778,67045679
91594239,91865119
88024904,88256391
84637447,84871698
93489516,93741413
90863410,91075451
108969424,109196728
85757555,85925119
91347915,91603517
127206594,127440579
78309182,78611970
64165319,64426380
99565591,99785720
66717796,66973063
102706064,102938009
99315100,99469459
96460133,96620659
68371884,68628453
107869549,108088531
66340394,66688313
67952982,68223159
85908346,86194724
63630053,63919443
63005496,63258965
91147735,91421869
104114233,104268630
95398263,95625100
85477326,85731928
119046928,119223144
101141486,101370813
118094761,118339782
64608579,64869741
118329390,118549577
83149778,83318603
91960958,92198151
91325729,91552375
77996469,78241741
121793376,121974785
103893770,104064699
84903769,85130348
75788371,76071604
103314509,103541372
109965163,110191877
96606141,96845076
100284846,100527440
248347428,248525106
90326051,90554198
83681833,83869488
74696023,74956532
59100222,59369407
92759741,92917746
69492947,69658984
101500348,101733467
91242525,91460950
98623016,98846664
72312610,72537942
66058762,66310681
81307332,81657589
106812530,107012386
84775199,85025514
127203646,127390815
71574875,71825683
97478715,97746988
66245180,66495028
122325233,122539425
111902979,112062141
67839392,68108075
87554727,87745088
96527053,96728952
93480591,93647915
103446040,103669022
67904021,68153580
85857303,86117443
85966729,86229351
62462761,62683462
71319597,71544750
85538813,85808105
96892031,97102947
169435339,169670058
78540732,78779245
86919915,87155029
97221639,97447341
87812227,88044447
107397208,107629745
87718086,87943747
108201645,108425301
167804880,168046440
99264454,99490140
87575093,87804870
69802975,70030913
101410223,101640882
99754151,99983922
79380101,79638123
103686670,103904830
76871887,77093617
103832212,104042011
107299440,107525688
75657347,75903763
108162684,108383856
87391373,87633776
112809790,113031061
107895457,108109680
104090960,104338621
115065217,115276472
110016610,110285788
77674789,77893482
96709489,96955034
114102558,114322940
85167320,85395361
112021636,112232703
96528510,96767507
107753054,108001900
111161853,111366045
64154310,64411429
93780088,93995500
106545803,106745647
113457730,113675842
87791854,88031069
69837946,70112472
98436386,98664843
99750675,99975215
101396693,101633233
98455671,98676186
88192903,88419616
107587891,107829218
90153628,90366459
98421474,98631520
92520995,92751596
74216549,74473625
94430987,94647275
121056674,121293214
111043883,111283687
109079731,109333028
107692354,107915015
88189270,88422486
66597938,66964570
74591867,74828768
110754855,110980858
88098414,88358987
78683936,78927274
87352546,87525378
89593988,89812034
100935025,101163325
84598374,84822352
100872663,101107581
85514589,85778745
68579034,68976828
63577521,63975764
87507705,87720962
125683351,125916158
89580069,89734697
110704227,110861598
104543834,104787718
78997964,79240223
88230605,88459477
170001643,170220228
101012234,101236333
94427409,94654881
63473883,63741442
78803345,79042143
94588982,94749513
90321132,90487888
113415745,113577606
93274003,93473756
106809454,106976750
104272477,104505755
133394506,133631028
109110657,109383293
98802233,99032330
68423287,68779538
71010974,71239636
108184600,108452816
89636972,89809828
88154071,88307399
113482203,113720632
88659265,88948071
87394891,87648525
85719951,86114061
142602791,142842699
118436778,118674826
99823619,99990528
87660732,87904647
78885737,79154683
94199565,94368920
79907713,80156026
81600330,81773104
64739010,65008511
128016235,128224400
76415826,76582573
94651106,94898797
83774907,83931281
86226001,86469079
103510068,103669165
82912665,83071533
148986859,149160702
107856411,108112643
84295478,84571519
64600474,64870815
83663282,83981405
100149855,100349936
90024685,90196742
85365202,85579707
85648771,85902564
97198054,97404734
107448426,107621263
70159963,70427033
71433169,71676425
66415443,66775230
101098426,101348279
67822790,68136144
75973064,79049834
93297431,93475336
85683517,85920195
83231988,83402222
91251888,91489767
93635202,93800545
101129502,101371041
83931529,84168670
114180759,114414256
85095656,85434483
63180129,63440197
85595456,85833872
82568945,82732401
126258304,126435651
97281758,97502860
90822837,91052780
74763064,74996664
120307760,120535054
68082917,68336164
88223970,88444403
125165952,125417150
100696937,100951073
96714302,96879053
69440584,69794437
84386211,84615974
93727331,93990608
84755568,84974514
71809071,72055520
100088463,100247558
78838916,79110374
111138609,111384081
88415677,90618775
115388990,115651464
80080959,80391800
101109640,101281421
68101862,68354093
88469254,88688736
109647288,109890245
120967381,121207008
126885919,127124944
65684774,65952775
78366328,78585786
91404698,91630519
85670483,85903199
83370585,83633448
95125180,95362383
98647964,98885485
75755410,76012408
110822729,110980036
87167809,87388805
107715894,107970533
65777694,66044493
109229600,109483267
115028080,115271159
68951429,69166735
93646204,93858760
90324901,90479990
85392189,85640512
67324811,67592343
95064286,95359217
75257990,75515502
76669247,76880294
84247891,84462947
117764058,117975127
66620940,66860000
104889542,105142295
103456634,103673256
62405746,62667510
96701293,96918212
94516129,94729145
73233619,73463979
109287083,109504030
84940148,85189446
99570087,99786567
141745618,141963401
80021488,80300640
91015512,91240958
84804280,85025318
107101060,107336075
97115221,97332592
107066207,107294016
93349506,93577796
126736827,126922488
92174982,92412209
78503228,78775994
84321332,84557685
83250826,83415191
101241474,101428798
100576870,100785282
117974202,118216618
63043316,63416654
125478049,125731065
81813757,81963917
100261594,100483677
98066051,98290563
81764565,82121888
104157484,104390437
66925271,67345833
78734515,78997528
116855229,117082708
77457047,77693913
105064781,105304275
71832253,72072023
114040970,114296645
114732655,115017598
84342700,84559402
62524623,62772359
91644652,91849405
68058073,68321825
97735318,97911717
51468081,51737803
108934000,109178790
91059322,91318979
65753777,66031532
97885315,98092496
84003719,84278573
86965380,87135295
91906869,92200174
107882007,108050637
87932498,88191131
128257164,128481606
87474949,87697158
63679480,63955864
85682648,85915748
108098280,108321724
125528556,125758556
66926026,67184027
92617461,92831587
86560869,86835751
109043940,109295342
89644485,89872747
90206366,90409700
62927355,63217012
77391782,77615974
94396895,94603780
84077707,84322212
73325467,73591585
113910356,114150299
70338081,70505838
66889663,67180945
126056811,126231924
88359145,88616416
63922667,64136162
85304438,85536867
80980954,81242537
100683635,100859352
78222832,78499507
97516478,97704498
74856455,75107766
109076462,109247517
109870115,110159248
69339057,69635447
106969028,107150831
112954471,113151604
90276166,90423750
84201056,84423697
114530117,114737753
100685763,100876523
118133164,118287890
118831249,118985745
125591425,125777845
88111059,88337785
100947191,101190819
101314267,101553788
85187057,85418399
63882359,64154789
76053896,76280784
112792065,113018868
73924945,74173444
84865825,85109505
91094994,91333587
106722586,106936125
78245848,78498106
87164359,87391109
51108736,51362002
112443849,112621296
87875876,88129535
89594516,89767043
71175694,71410990
106426220,106592030
113529530,113689073
67896043,68121789
100046080,100210209
99663406,99852962
76323618,76568126
91273631,91477101
111819648,112046632
83018418,83232750
83076217,83283546
75292835,75515401
67474240,67740616
134413234,134623699
83323848,83529041
90401612,90649852
149317014,149544550
104096049,104323619
83954139,84173335
104379090,104625112
86992403,87231557
108147859,108363316
83852724,84141981
90271633,90442649
95351883,95548189
47263491,47407288
86677378,86829654
100537426,100729045
104187629,104399204
97702214,97929778
120890375,121101110
111433965,111688289
75110054,75341213
97248683,97495934
78536422,78779671
90893755,91111543
62870485,63283867
110632992,110790860
81559439,81900741
92052861,92267412
69332916,69566967
66036141,66374937
81729437,81914222
82275055,82427362
74004158,74277769
124064449,124302183
77853409,78086557
106844447,107071423
127352395,127587648
154802295,155025360
101176008,101399927
101729474,101972714
64772558,65030454
110439711,110627641
84552643,84783192
99764855,99923345
102924966,103166751
122123075,122316163
59542052,59853093
101627935,101850252
94686737,94895258
84608344,84832041
104475820,104665100
84228301,84453254
66007059,66303820
114652635,114902658
66041725,66420763
68751151,69114196
77016086,77271566
149754341,149968687
84285835,84515452
75044911,75301867
95267705,95459450
77926612,78159969
88229735,88456119
107775966,107941535
97676092,97886559
115160427,115417722
73925959,74180851
85654500,88083663
117600000,117862498
78092754,78374185
72150855,72434621
99884547,100062456
100660520,100872219
89369653,89613461
108169547,108401885
90989219,91234919
70303088,70548429
76579951,76823867
79516186,79767142
68076925,68342097
103658200,103876299
58802811,59092492
95763936,95987417
118669267,118883108
92342594,92617248
98361188,98592278
90423240,90678626
101520494,101764699
114237762,114464923
84697238,84961436
76632573,76860949
71472977,71703970
106411136,106567870
77249465,77491667
63576715,63847222
108988529,109229720
107296649,107539248
64005127,64281427
94193255,94421635
63120874,63372181
84986698,85212224
110555370,110780982
110939857,111181169
74890924,75134779
90971556,91184922
119021449,119242983
91146253,91375860
92303920,92533064
63583562,63978422
91103535,91313280
108014728,108258759
90502457,90740059
68902637,69251407
86809607,87049373
126901847,127054530
75313916,75566594
108190263,108400707
66320404,66570287
127106675,127267815
85635123,86029954
114693186,114938596
76728936,76951532
89529019,89744658
78648438,78885386
118059288,118231095
101239510,101412787
107842562,108022062
86244822,86457423
91058638,91230942
132860253,133101929
101182082,101430116
90671844,90914240
64368998,64629684
124755268,124971516
65673726,65925831
84912127,85138625
83507478,83685247
99657276,99834307
113378767,113544140
85856907,86104240
67947243,68230687
169520410,169714160
116915962,117166929
86318129,86530439
82975499,83195447
85834274,86056874
87534928,87688442
110476905,110659092
94338865,94541175
94626583,94855443
101777403,101995531
114349755,114583993
94658686,94818716
114047045,114213255
148745087,148925308
74384040,74654945
84430883,84645051
91461236,91672992
77426259,77658852
91652170,91879208
93488895,93677666
64404100,64679323
89142395,89345595
148870265,149095254
94657976,94864321
91041605,91263510
85349179,85638225
105046305,105238710
104356767,104580136
116989122,117203112
83850787,84028544
107595556,107797305
72494601,72749984
99226889,99420958
111302429,111537535
118706578,118920582
84421352,84639372
89609926,89860643
111364350,111600222
94521122,94753252
105372485,105620794
94428901,94649785
117873978,118107717
90274658,90433202
88180524,88397128
98586939,98773415
90527906,90781928
108483076,108740612
86597869,86755465
82210383,82373411
83181355,83412018
66813757,67068871
147767255,148010270
105148345,105356160
88451528,88615258
86980175,87209910
90594859,90765906
68184130,68558826
94476496,94715483
100092816,100285458
114540118,114756319
104899755,105119474
85161576,85401735
89711630,89870221
76839088,77091878
167718298,167894352
87461162,87714395
89944113,90096088
81397745,81685542
74261716,74412943
106804409,107035371
120409730,120649306
100888649,101110832
61627484,61869300
97080855,97240733
110680029,110842610
91389184,91627940
70085731,70277764
95226386,95445023
93774997,93992087
109159061,109391489
84619816,84847238
70738236,70970542
87825122,88071277
63536039,63817095
86434146,86660223
108768371,109015017
85544305,85792996
100005279,100228284
93557370,93773876
87745684,87962403
86775264,87005996
87203396,87413112
67177099,67449824
108772949,108984772
110249005,110481511
73474108,73729889
170117411,170332644
75457849,75721459
79132452,79352086
67295165,67675163
95773528,96008735
107485467,107648920
63828844,64057210
106634613,106821797
84787401,85058729
102008115,102161714
97892707,98053803
109355981,109608499
108121141,113012842
114696355,114926341
96897211,97081166
98347970,98614405
66167163,66496124
117691663,117972621
74780562,75023305
68269460,68701665
80030422,80310795
85557801,85763268
86435560,86594444
116982822,117151336
63650408,63930798
119371966,119542332
98753979,99015093
100452741,100601298
108748945,108926494
114325346,114553405
67587273,70799849
107677590,107888783
74183527,74457147
63516645,63766621
105450769,105675237
101881720,102084002
91905597,92135489
87693052,87851439
79877762,80135757
97908541,98142527
104847842,105074254
84008752,84165353
87216095,87374753
113700767,113851541
96948463,97096732
84273575,84430513
88022128,88218335
73966907,74208160
90946548,91146754
99182762,99412399
88555934,88787589
90310316,90515560
77432177,77693032
66945985,67208417
95363651,95604382
74038875,74246603
87863895,88094434
68087989,68311254
62914891,63177676
110496996,110655862
111589328,111845473
111268945,111443405
86408132,86677802
87637586,87835574
109939378,110113269
90765853,90918194
169669250,169902838
95152450,95361378
67054415,67349282
121443142,121693131
104036588,104255389
101789168,101948247
65294303,65537523
109057079,109218268
98813104,98960196
83530042,83688953
85909868,86166356
86528087,86841363
87601958,87980650
105274793,105482372
110812478,111018569
89836420,90050981
70508201,70719212
93645556,93864836
100430461,100586202
87791335,87971315
98315143,98475814
59164273,59418597
85552008,85773803
65837915,66091144
82838523,83012932
106729780,106881492
68228732,68624888
110727661,110949920
64363551,64666193
94175011,94334169
63477952,63839334
75660952,75888147
67679547,67950618
63696001,63983867
100031667,100196930
81893452,82139363
87883159,88105154
93816962,93983203
86381788,86587538
78270918,78537480
65606263,66014694
69268505,69433272
104158287,104367098
69777998,70005028
155161973,155306394
68329310,68595972
107611419,107772016
117926092,118088328
108037482,108250856
96945681,97094843
106865957,107090283
89334447,89477052
83430725,83646875
86944562,87153889
65882719,66215460
101737201,101942396
70357916,70567839
89527532,89710116
66416351,66760727
101527904,101761593
87699676,87908903
98813204,99022186
170202172,170365183
108863402,109104586
86735374,86954387
84853860,85068259
126141960,126354405
104834822,105054899
128782343,129014784
79128815,79369290
68627610,68869301
84066960,84261828
137917448,138147692
73688332,73907328
37708568,37918500
85612359,85870287
84355013,84629749
98519220,98672696
66708271,66954920
107450011,107683613
142090719,142314426
85574259,85914435
89956634,90142738
104048470,104194739
82222141,82582916
91228057,91447797
97375328,97596790
88629946,88860324
88736914,88963262
68000080,68287065
91389996,91610268
90409273,90647512
92729691,92900331
91814174,92029478
68151892,68382165
117880284,118062488
111356158,111593154
84356973,84521799
83434959,83580274
84544037,84762500
105227549,105393308
91133830,91355743
106129182,106294741
107589132,107831646
68894000,69138293
90634908,90794448
156334441,156501420
121395688,121621733
87725151,87955987
117449369,117640485
97026422,97179570
94854111,95063319
65714027,65956239
117023138,117255314
103717878,103956802
113616652,113844831
94131807,94354456
115544626,115767599
75808604,76041623
84567457,84826393
67407605,67686669
83582288,83852658
99215066,99441995
94485340,94699943
68506978,68881103
100024937,100190702
87400922,87602587
76616319,76902045
55200083,55466757
103214772,103432375
148875224,149114762
86582774,86812780
85512816,85736446
84288032,84541890
69943352,70095538
84614933,84841932
73036108,73191816
106659440,106820270
103458246,103626080
89917501,90077828
110660547,110891457
68755685,68983763
62976211,63184274
94046222,94263306
110181110,110427357
68999634,69351147
114225152,114450429
81193734,81555855
85042958,85263324
103589652,103753865
82688652,82848848
94285809,94502790
84944310,85195064
73815630,73971627
88683408,88930854
109532112,109728321
100020229,100246434
84131383,84329216
71759352,71983843
68370777,68708641
107857702,108081512
66848091,67103989
111425050,111627728
85331170,85542152
84016492,84191482
94924590,95154280
63498899,63661173
121254587,121494194
90723140,90935126
110840750,111053189
112774143,114085356
68011818,68228404
125017401,125235356
93225909,93413598
81496360,82496514
108044058,108258109
93941633,94164311
117401415,117548383
59064602,59356378
72577183,72837028
84587781,84818252
106925389,107141997
74422574,74650177
88321946,88540704
93015253,93213420
77040477,77301413
78622483,78867335
85936992,86153714
90914668,91128284
121442475,121654935
105260950,105516465
117241303,117456484
86557517,86770299
115802360,116022514
66360860,66816072
84673177,84920295
66256361,66539743
64343400,64618299
118043100,118245672
91098400,91271363
94906968,95135866
107630964,107784623
101718266,101881123
83981239,84189894
118135776,118364698
68038032,68320904
68459438,68695671
90699726,90905911
71258030,71490027
83654019,83893490
121530570,121690385
106508120,106681477
90444920,90603216
142237623,142395343
91971574,92233326
94824775,95062276
87373974,87606714
107664375,107890500
75342102,75590647
67307932,67545430
117201325,117381992
83685458,84028028
74621641,74889076
59493331,59755123
104956408,105180187
98087721,98305413
58725257,58981302
76606580,76826575
108061688,108296447
65287970,65525335
98693592,98857517
120164244,120377607
104285241,104549100
117627386,117869251
94721575,94950699
64748679,65020328
90708503,90925718
100468545,100652799
64481474,64774901
104754013,105002870
75495465,75736205
59699051,59947735
59158108,59419127
90721498,90947524
87430342,87638228
97330719,97546500
101435496,101675848
69250741,69483880
84745517,84961859
96845135,97073050
64313367,64576078
91741547,91950849
84554710,84774175
76642501,76821374
69239879,69484255
84784286,85070806
74894191,75148358
141698613,141932643
68433613,68777418
96066542,96213283
86106387,86366187
67368322,67627047
84458101,84673920
90723347,90950410
86573794,86726111
85077293,85350928
91093681,91305421
71680022,71930109
121930378,122145724
86574344,86823760
86034241,86272219
63272006,63650022
95268205,97774335
71121703,71352304
78174285,78486876
84032599,84175136
143421881,143635161
91994738,92204611
80011554,80257314
91078157,91228425
101669581,101837688
82639441,82925531
67462299,67685930
96047140,96267342
103891570,104106819
62436878,62668706
86683310,86903201
79523109,79751159
86530588,86727904
90460471,90606587
75007941,75266585
104976056,105198957
101026902,101253286
90160055,90354800
168104009,168326065
95047878,95254248
109763034,109992996
118687549,118920097
59399128,59668116
107688111,107898524
91077096,91337129
76563364,76810198
111037546,111256481
100946798,101165109
50174231,50440587
