125009665,125135871
178113026,178248038
261402409,261551383
340109541,340241558
350114031,350240108
427826627,427966479
486760267,486923081
557706162,557847368
622864742,623007253
674430133,674613040
698873335,699035197
707678569,707819362
729627110,729756060
726299662,726455225
748160253,748288392
761365471,761493391
779009914,779173193
779845854,779975052
800804178,800918993
792571196,792714159
802279771,802453947
796683474,797049773
805372520,805710421
819750579,819868021
828768404,828873402
824874755,825010776
829307134,829435714
815692164,815831825
828118930,828273176
839160492,839311108
840539060,840656252
823942144,824097563
820992105,821189554
845277368,845408250
843461065,843848540
832060459,832208949
823530453,823666439
829328156,829438449
831036569,831173039
849936857,850075651
837046611,837176553
842704191,842860922
830320352,830451299
817530061,817653531
807810783,808011764
816270381,816411141
800237606,800590450
813593193,813713049
805993324,806127551
789371576,789495150
801031925,801163429
816172175,816326815
826705054,826851369
840926014,841048198
850731124,850862480
870310144,870445812
875583137,875754286
855388951,855521029
867279048,867599154
873806635,873938712
895196347,895357499
874849040,874993538
895274773,895416904
916051413,916192520
935942008,936092296
918899061,919011162
934432409,934564086
942293239,942415582
963672653,963873038
981357937,981499282
967222766,967614617
971617861,971768978
955025910,955196395
936971590,937086150
922794878,922921394
931624925,931761112
910637324,910776547
926227691,926367800
912751896,912890307
888661465,888798952
899196285,899381087
908881652,909294464
917634939,917995541
945829403,946006478
952814025,953145238
969723644,969854339
974198295,974334672
948376809,948500071
956367885,956506096
977233151,977639209
994716832,994847917
967283860,967411919
980917369,981107276
957354315,957727475
977138825,977516263
952209835,952330788
964013136,964407653
983575653,983722860
1002254837,1002410110
974981159,975115705
953145532,953283958
969791802,969976506
945747199,945887060
947209445,947475398
923360357,923536984
945976326,946337125
916499404,916880748
887991094,888384469
864891617,865274591
860577989,860818460
882604336,882752404
851615065,851748906
872793944,872933073
904216037,904417258
925423972,925608183
896029436,896245340
912501813,912697088
904426476,904799412
927442420,927835578
954556697,954926443
929228611,929602192
919049854,919260566
891490322,891624099
883042504,883184995
857930526,858061029
855518429,855778978
820712104,820839839
845806333,846020953
821469392,821647506
807519974,807872326
806235947,806457680
826887911,827260713
821863258,822273945
823862202,824047169
819697522,820118664
842424567,842570915
833816601,834242734
817877898,818111601
819933776,820095560
816442023,816570373
843309622,843497844
825998761,826148939
850703288,850842617
859484638,859712596
884773699,884905872
871169575,871321909
891785414,891939491
884044417,884184290
907682397,907851658
910312865,910731983
898752835,899115823
891207104,891398004
877144396,877339979
870134104,870557387
858284899,858704499
854543992,854757092
836410399,836843921
838130618,838346958
826426665,826559753
814927357,815364148
813515304,813924860
813097945,813332991
809400542,809782358
840319089,840536185
838097518,838479250
840852129,841092013
832565406,832943290
808011360,808225355
818398150,818589584
844214723,844432680
849607020,850016628
833742989,833969617
836991264,837431247
805227389,805557517
809991539,810223277
798785351,799225088
797794943,798233306
820071393,820275860
826080411,826530874
788226876,788504037
779803159,779975743
800577019,800708464
794131594,794280535
806780153,807038697
795830660,796087684
820631998,820837057
804829910,805236685
766242276,766585441
756901149,757158738
764939996,765168994
792236569,792464761
749512790,749810439
772812276,772962700
790925495,791059125
818082459,818226886
782104821,782389995
802922456,803079556
810420633,810651332
837158382,837310226
849475771,849668179
813438915,813722734
817890521,818130658
780306390,780681869
775090651,775269573
738767332,739055495
745076150,745326077
703214475,703677201
713122333,713342587
678402349,678976276
669307715,669500409
678109595,678556665
686308010,686531275
693443434,693678737
725553144,725774489
733850223,734295162
748299736,748681190
750918045,751169803
738912606,739124360
747984061,748241156
775080639,775475573
789811002,790003938
775872565,776092695
787364236,787501685
788577426,788719247
800917512,801116565
788766441,788971311
796987316,797368057
821772504,822149136
835000291,835203375
830760130,830904315
822616295,822820217
844200423,844610905
834280222,834477997
804446214,804711719
794715813,794853630
822172382,822320530
807950051,808146018
803606873,803754173
795978636,796361529
760884108,761341075
791026917,791215367
783055925,783185653
809918872,810108757
834951364,835339622
861339406,861759317
859222760,859433033
881612059,881746264
842559823,842816508
871949373,872171604
889962649,890112174
888360952,888791902
849264757,849483884
845431753,845627684
865753494,865892527
862386130,862575718
826778512,827152817
819541267,819971918
836040742,836221571
832051259,832186390
846661801,846803982
812811735,813048836
826926307,827060319
790747382,791186498
792456716,792642771
757139162,757355898
774473379,774628412
734605963,734828995
746351824,746700758
712191110,712623066
710644312,710837887
729451774,729569821
740837974,740992525
759158664,759354947
754178603,754310311
774380061,774576669
789906332,790251240
804416731,804595262
798571293,798713287
820781882,821127646
810001174,810360505
827526479,827906822
821580333,821823893
835514413,835640635
846531292,846669211
861805267,862004241
859323205,859481957
868833932,869038786
857278541,857487784
872740625,872920939
878999014,879106660
877796620,878174675
862668496,863029039
860491043,860857199
838963313,839154104
837803856,837949106
827112166,827256240
820219041,820432705
823432779,823560795
822089026,822289225
796177400,796372303
795326450,795495634
794994933,795122847
785066403,785194738
816261835,816497343
804962488,805114081
810961859,811084342
795968280,796088747
769776604,769902350
760416803,760543805
786749464,786972329
785999708,786115587
755888679,756029806
761730394,761847563
772489526,772618901
779712739,779848972
744803879,744916788
754717955,754835464
776810393,777065443
784669135,787720402
793680020,794007080
770873021,771245632
794722010,794963394
767960832,768358157
764288508,764640702
738771054,738908354
766347749,766585925
736502008,736622394
724568093,724678827
712910717,713040919
701555485,701756029
733205948,733643320
734377141,734706547
761742366,762135400
796319293,796494323
823300128,823671836
828510046,828884978
852194159,852608663
842122529,842345573
871797911,872017889
902951757,903312067
910474199,910685788
900167134,900361368
904665544,904981360
882521017,882712177
890837277,891064807
881910088,882106778
884116685,884498912
911739503,912134641
918414262,918758616
892650357,892982972
884714022,884892356
908476103,908639412
900992229,901198795
901013397,901200606
893297456,893643439
919382114,919578346
909343068,909694001
879352173,879539086
872562460,872765244
865491086,865840116
897735130,898113065
867658616,868044121
895889659,896082064
883043901,883361256
912865400,913103431
888448162,888783003
909206290,909584677
906591502,906815980
937028126,937442853
921026700,921330207
896009926,896348147
883497623,883649058
859293758,859417188
858506889,858918678
831301875,831432440
825962871,826163588
791959652,792078675
770539006,770799808
744478374,744579266
736282728,736428222
734024227,734217476
712529338,712784469
705640921,705773022
755804134,755920712
753563388,753685358
733083742,733371843
724598863,724724550
718476281,718660065
713984669,714111239
744912752,745045373
730241392,730526176
720556442,720725148
703938810,704212729
688959066,689075659
662338877,662585470
667367660,667796079
648437160,648869018
674400939,674594084
658585668,658843235
654991803,655317235
650732539,651110811
673229323,673382438
670722851,670958687
684675952,684862713
676186549,676448037
706020933,706147747
695057190,695467726
693548242,693746653
687359020,687581283
699994627,700383397
732289287,732476205
723792502,724131068
751981264,752366252
767887461,768032801
796831057,797047518
792860376,793029062
814059761,814240216
823415771,823553958
854424774,854605102
865738943,865975593
863317451,863677255
867258729,867630246
864271267,864451554
854320941,854701161
852696393,853022939
861357087,861584729
849742849,849913013
863790201,863998136
862075663,862250684
847982523,848118843
858431581,858604489
864374876,864616609
873743548,874088981
857957524,858322014
867645654,867826830
879081724,879481140
883345520,883751184
865761363,865974188
881655970,881778385
861868994,862014973
875018284,875170836
855338521,855476861
854415489,854552913
881969235,882099648
893742544,893909152
877349148,877468283
895430302,895579706
871542644,871679484
879639869,879810694
891128064,891252056
877488389,877624858
854243552,854408615
850528910,850687720
855964807,856124156
842378891,842514474
822230697,822344265
790677667,790824057
802876813,802987350
781816892,781936839
790316025,790490234
772696230,772819550
782171197,782312351
750310255,750433570
780485798,780639050
762211436,762548307
776551147,776864301
752289016,752616988
750969050,751319755
733453028,733730515
757111460,757488901
766352654,766470388
767373689,767486086
781365497,784517929
767072788,767402714
780355318,780472425
781815650,782189807
775079431,775430886
810234936,810628529
824993087,825327652
801869154,802251038
804986562,805333779
824053207,824442655
823363237,823694988
825977214,826315443
828276509,828624058
851715035,852096050
849924015,850298519
825906054,826258956
827352958,827711938
828666838,829059160
853435405,853779298
826189939,826534611
850153364,850544120
924507171,924929116
949462870,949880850
927045687,927236874
945222787,945574147
943822097,944178638
971226868,971588323
1040513881,1040941424
1018867291,1019246779
1017068943,1017445412
995363175,995736647
942378410,942733393
918656368,919013422
930222870,930672123
910453415,910854756
977218000,977613321
951929997,952284473
895564221,901470946
948309532,948469459
1011842036,1011979592
1009876354,1010018315
1022270415,1022407293
1024085426,1024237941
1082442068,1082606376
1082273585,1082433293
1023579862,1023731463
1026476241,1026632584
1034751708,1034894501
1055369485,1055502798
996291813,996432912
1073987275,1074391033
1063543207,1063940134
1133905538,1134311166
1077179673,1077588326
1132813906,1133199995
1139262307,1139655008
1209576859,1209964348
1192831703,1192975092
1135047691,1135412153
1139180652,1139335894
1068681718,1068814052
1066681337,1067060939
1008803387,1009246269
1021041681,1021180402
958216532,958358025
938823370,938965650
882874871,883021449
871450807,871682756
876143890,876285583
860722534,860870723
868954558,869094330
891620908,891757194
901323730,901472705
878290794,878464513
884527605,884668595
872158977,872404379
883058782,883437659
899434393,899825471
884693045,885099224
870540925,870773583
853864632,854259844
876432699,876564616
861173998,861533855
850322722,850743755
828929785,829311197
844566396,844947470
827016482,827148018
846147986,846531412
838758656,839106120
851667548,852042086
839246618,839613040
826976564,827178768
817862738,818078497
835197457,835583973
837883345,838059600
876214662,876377007
867765559,867960244
847803829,847932391
865188443,865324966
880687525,880830731
898303749,898445989
864647618,864807089
889460604,889607636
899286923,899424771
912373410,912524537
869166197,869328524
887308152,887478803
855587779,855745484
877468665,877607032
858581932,858718808
877318247,877449331
920838065,920980297
939678035,939801538
921830651,921969593
928482129,928618626
893693963,893854943
914700632,914834170
952889722,953048045
936816883,936963328
895558952,895723099
876946791,877093590
866232925,866568837
848661233,849051816
816132213,816536068
792999812,793136773
828833377,828971200
811116404,811255825
795431163,795729759
766435887,766594058
801075085,801235266
769025524,769431027
752255661,752639635
721283915,721476525
759745436,759934076
722645872,723081576
704794182,705096902
674381647,674739065
651162767,651308306
692220251,692356542
671812915,672134468
710089620,710237673
727189235,727411727
765720337,765866984
748968845,749295131
783129475,783260515
761193867,761389462
802285931,802431539
814690942,814945774
801761186,802071517
778308581,778439367
761390876,761700719
777406675,777600100
764258867,764565424
743340770,743516110
721938776,722427022
731879377,732137936
716329289,716653155
725207578,725595152
704688573,704855082
712570247,712795960
691854557,692048192
685021140,685402103
665801034,665969122
678660263,678877842
654185217,654347703
663369472,663513413
645423756,645646767
636264005,636480351
650394710,650625514
655797675,655979916
666510195,666747147
701728341,701932311
714757465,714993122
724186627,724339089
731399789,731635534
717916518,718120745
731549303,731789062
750637548,750789926
770276572,770482467
755601419,755837632
764487159,764686065
777211010,777388085
788207079,788344468
768931447,769096404
788982858,789127542
814317309,814460470
825450127,825607363
838510459,838656996
831813807,831988169
861221548,861350406
856684349,856829832
764928333,765105108
799252150,799422387
833687332,833798612
884412596,884574172
774277345,774668994
763606723,763751037
674074869,674195965
711999292,712143019
690498690,690632943
698652039,698794986
731477526,731621319
804774735,805010976
798523069,798685833
730724706,730843540
787798959,788007083
828972464,829358864
902420321,902656053
909135623,909281844
880780363,881147438
887821036,888214331
896319634,896686733
919033650,919425253
900076058,900268477
891471476,891723111
895338881,895696957
903320327,903528993
931053514,931264535
911858276,912230070
893401679,893636661
872859394,872975120
853749387,854129127
820074997,820355616
810554292,810784778
839419983,839562720
814864796,814995962
795409713,795614626
763273199,763583908
751600951,751869274
770519380,770722644
757664593,758058224
747144089,747380154
760019786,760153688
789151547,789351234
760343106,760669233
744522168,744740136
734126121,734365015
754727418,754858157
782226408,782362380
742151762,742483864
768740555,768860173
794299803,794423665
823844169,823994903
789063833,789373053
810809013,810933167
836896124,837028071
866661358,866871348
895820658,896203690
863659395,864013860
878127574,878279304
845312459,845865333
814349974,814681329
763700372,763989238
784032956,784173396
819068728,819204523
776654390,776963604
752198162,752713545
705192528,705461334
700481678,700674602
750933032,751060353
771610992,771784249
793841785,793966755
824926701,825148616
856103887,856485997
811215870,811500881
826833683,826966364
849877496,850015926
883540349,883917418
913955272,914333862
858937037,859228529
887726906,887864826
919903339,920051393
905280327,905437250
856761732,857081602
893498586,893625933
917872257,918111128
952350932,952537200
940928613,941079229
892256060,892782098
919839621,920027240
870018674,870733030
822921726,823228990
836170752,836320080
868060679,868204708
863327170,863502006
808642742,808930134
761726874,762029886
776521372,776667915
793656172,793864099
791866814,792038024
824387967,824524378
858169296,858314275
861029560,861242388
849428232,849638554
866662431,866801449
894224395,894390396
931611131,931754941
938389271,938787512
925960509,926162068
933894875,934040263
920178154,920526354
909182573,909330257
870044331,870180644
884309657,884443890
893683001,893907380
876089079,876299123
868133170,868310816
833397362,833551353
846428579,846576247
847051813,847464027
861906795,862093198
878890350,879036809
893501883,893658066
900520314,900657318
868852318,868992680
877465423,877601383
894981793,895181366
912378090,912600194
918781402,918923687
876857674,877013572
881773229,881924578
889986470,890376525
894559344,894767796
859782810,859935798
880770318,880909464
881080343,881226117
884249224,884386144
899060481,899193233
864261053,864519494
872981531,873187764
838487035,838624752
803847473,806860296
796698318,796844126
821915162,822299944
832864212,833073760
791692589,791826321
760841594,761052015
760696871,760854212
779870036,780019966
780055219,780198487
796697762,796944719
815547203,815754463
815559981,815694426
823175255,823541033
826827150,826973777
838062832,838453831
858478913,858687520
864124149,864262415
871084455,871289381
864764406,864903892
871364051,871509084
878414481,878575168
839744920,840010228
842206559,842394174
850740031,850875743
852799692,853186816
863160055,863295238
826873259,827310105
828394385,828582021
828270396,828401401
828353007,828549061
829903063,830039597
870810747,870966226
876861670,877013002
843352898,843599873
838536524,838728367
842806553,842955642
887186310,887328398
893669147,893796599
850607937,850819876
827487084,827680882
862909849,863049555
862761050,862913381
826647108,826879204
874548395,874705572
874996270,875136424
884667500,884874290
887771800,887984373
850745287,851177444
888342702,888473925
850432190,850679935
815293807,815513917
781193238,781379386
825873609,826028082
832590075,832740662
791129318,791344152
758746426,759027122
726962663,727087967
771034807,771227895
768011037,768222864
812445700,812603008
859289737,859422420
860564572,860900119
865298484,865516460
838244310,838614088
873794567,873922464
921603399,921725159
928513804,928850003
933034115,933239288
893074937,893201191
895569349,895801955
900412574,900618895
980026513,980168186
937729685,937857415
959412614,959756939
956536798,956746451
962437186,962590220
1046062030,1046227229
1016723513,1016849721
1013896618,1014190520
981204285,981321970
951153654,951265279
872371422,872491496
877853335,878156587
966358525,966492951
930192420,930314707
901770545,901939436
826882034,827063330
831427467,832530015
911879174,912036728
916839867,917195403
922998297,923286222
905196028,905329090
994957541,995095116
924031484,924146580
923191902,923496727
931252300,931532171
920130837,920249913
1004963264,1005097680
924070926,924197209
1009180604,1009340056
1098815477,1098956729
1129192902,1129322701
1051911898,1052072717
1042439970,1042566977
1122082997,1122207150
1206386310,1206524124
1244362125,1244584386
1157225449,1157401203
1149672124,1149827178
1073993861,1074113062
997895270,998014612
972480948,972613247
962277225,962397273
999611847,999757699
919229426,919389927
848557197,848684207
827236884,827362023
799757274,799889064
843019882,843203271
830220446,830392399
819884430,820037842
815361152,815497754
850313382,850438130
831832253,831941993
814172624,814297824
805555374,805694215
804371448,804583490
837989276,838108831
808922572,809051313
840401007,840533034
875831805,876035257
884811323,885025606
864628829,864771628
866039338,866179171
893403408,893567118
930912674,931063845
944413205,944546721
923918312,924057360
914271820,914472784
894136708,894263263
872953809,873081995
867506748,867637016
866289723,866512758
881961635,882155233
853741631,853887338
835696270,835826161
835246232,835381953
833270532,833427852
836028102,836169967
834775042,834919263
835308278,835519698
827749300,827897758
840869339,840995652
842130847,842291730
833767274,833974638
836670207,836882941
829295580,829443344
841741902,841878349
831518522,831646267
840138581,840265948
858086543,858218465
887963944,888104733
885655908,885850510
883727907,883861021
883611741,883757507
906133668,906283358
939403871,939607697
937900477,938077255
925352832,925490261
922266245,922406136
920724963,920852265
919021356,919156650
913532274,913674506
940132761,940275473
942259610,942470371
942466257,942591016
944059524,944200775
939171827,939306775
965348462,965548777
959819930,960019199
955142680,955270687
910158059,910301280
943821015,943966463
947552005,947686363
928522155,928697159
935886931,936037251
893565280,893784530
927776286,927914726
921577608,921718513
954599614,954751982
990957848,991169797
1017582475,1017770069
1019050637,1019196162
980952746,981103905
1008920344,1009077415
1032401101,1032528515
1069857674,1069996556
1078780518,1078924283
1031251305,1031438479
1031531046,1031678814
1033245613,1033394573
1008375059,1008491731
967754961,967973532
999683781,1000054927
995169490,995334705
998670443,998816754
977408582,977542695
934074456,934228102
957520180,957653451
915098725,915243483
874601133,874813286
936505179,936639108
965865210,966005727
947389528,947529018
899837600,900047162
860083474,861110106
926643417,926783780
955228060,955371414
927500836,927649799
954460041,954603852
985289185,985421431
902240917,902716868
879177343,879378600
948350247,948482668
971431289,971562683
1003113019,1003281448
923408943,923709930
903023417,903172781
961163407,961301466
939748191,939875811
919392036,919534975
935880609,936027729
992676585,992826937
925415121,925739347
899009706,899237095
880751609,880890772
898454416,898603940
965394814,965530344
864532923,864839630
941572451,941706860
1007538467,1007687053
998319723,998481408
918170553,918491931
938729956,938866921
999198477,999331462
1066992677,1067157035
1060358508,1060516814
981839612,982160407
993225013,993365196
912448491,912788746
833776146,834135785
858646578,858768796
880896087,881035050
875027232,875187743
791251785,791556307
713408090,713727882
743207676,743334338
761850998,761977266
736114170,736304184
767942777,768074506
788066910,788198635
744433672,744593866
739834793,740055099
769571669,769696218
784222487,784352783
806566449,806710547
769057013,769420079
763186034,763414807
783252920,783401728
776842627,776988220
773861618,774063744
777051497,777190484
803880717,804007230
765145460,765312614
753837912,754044514
749825085,749989179
748845059,748970551
785105593,785233966
738098931,738505357
765891611,766082245
795977185,796105099
795268030,795404989
755022816,755206427
757809755,757944399
771865705,771996744
817797563,817934573
820183839,820366135
779098273,779303179
776437940,776559662
733128012,733285531
695729547,695955626
721647223,721850666
728254191,728367689
731822711,731953146
686837764,687041145
647965721,648128795
673940232,674104738
679952875,680080888
675018951,675337853
679901559,680405996
684135797,684306900
693146514,693540495
697719627,697909312
725152967,725338852
725545962,725673904
735104527,735228550
748187858,748322872
751229526,751373466
768797694,768941754
771398479,771554552
774925872,775261569
768278885,768663617
795941637,796139337
810382120,810767208
809070432,809261238
809040974,809231769
811653496,811801397
837578908,837708555
843713339,843840835
869320290,869465233
896589589,896782841
870808360,871128449
885341514,885725927
882335953,882727116
902485697,902617605
932216824,932568087
908966260,909275486
922538054,922674979
911148720,911280324
923387746,923518223
937792801,937954358
940424008,940561208
938959622,939098368
915818767,916128660
924105065,924224589
940350877,940480756
947932069,948060613
945060720,945232946
914715285,915036657
909859366,910001345
905891943,906035868
918254749,918426540
895951020,896258232
903772961,903889733
909249876,909385414
910912730,911061546
924636980,924773274
900812971,901100955
899789575,899916019
875426993,875718701
854182857,854489642
852155673,852293237
859022817,859202482
876520494,876643931
834002810,834313962
811464971,811794511
812356575,812486678
820158995,820287965
829335505,829470571
836657388,836799951
873362988,873512744
866600793,866737508
887203084,887411458
891040762,891202827
897948403,898097247
918189562,918325497
919756420,920138270
933877383,934084559
928234248,928370282
939395466,939528437
927940534,928069986
921162443,921308037
906212236,906350856
908506295,908642310
914734499,914954851
923509038,923652761
915159075,915311239
915205552,915349660
898888943,899276728
886736217,886936512
900300061,900440363
931277206,931425150
923356783,923485055
926158704,926302393
921743487,921888849
924883253,925045575
958978667,959170781
950109635,950244232
944578722,944907678
938356012,938482362
930648140,930983186
887603639,887910348
891006212,891144960
925729504,925872043
911985338,912115631
905212744,905341662
865907940,866234032
868119394,868288573
888430115,888617755
892904191,893041329
894852061,894975466
926213494,926358776
961420422,961611738
922719878,923017345
920674089,920817357
925522658,925663142
959593453,959745717
993926370,994053111
946818274,947118667
980543733,980676539
1016930301,1017066959
960952293,961279980
923013132,923318105
955656957,955790560
987384235,987517599
1025436271,1025631197
974462593,974787908
937822581,938115954
965004099,965135413
923777236,924246907
886234448,886558987
903143172,903291487
939005159,939164632
887945796,888264948
844493674,844805747
807148261,807433292
826651383,826785646
858770568,859176687
787649493,787950609
834575176,834774323
869556106,869679140
897133400,897344305
846766750,847086843
867789501,867934646
897370854,897515527
937438824,937771390
969236950,969389140
917292433,917608957
931667191,931816283
875068882,875511895
828353194,828655847
840318087,840464821
862118291,862249912
895084268,895237597
838522101,838817213
789864692,790168769
804005677,804138765
825359651,825513739
848926901,849053679
869715088,869910837
882188005,882318087
916670999,916806423
949254164,949443845
962994576,963118266
978587730,978735857
1002993134,1003131793
1030693488,1031078631
1060632771,1060834224
1067191911,1067338487
1096362782,1096506987
1126996235,1127135412
1064248741,1064379161
1078219156,1078351574
1107698520,1107824208
1134344040,1134537888
1167693226,1167837608
1108492561,1108625869
1122169593,1122334201
1143740301,1144116468
1156482350,1156685738
1171004935,1171133915
1166396202,1166539339
1197468434,1197600083
1135975609,1136111325
1145113280,1145249505
1163264906,1163418896
1161362651,1161561589
1171717402,1171853143
1122681118,1122813531
1149132030,1149271962
1178593688,1178962829
1135151091,1135416287
1088219488,1088362824
1090637191,1090771377
1121095304,1121257537
1136356400,1136493344
1127270244,1127540248
1067399715,1067536772
1062032624,1062170059
1022187228,1022322179
972176259,972292277
911648440,911790425
907425606,907545634
876273165,876398283
887372824,887672428
893081786,893214459
736276855,736405280
724584148,724732361
702204519,702445428
678706360,678841099
687177615,687309780
835092253,835219642
788343449,788619014
845844622,845981489
782453920,782619306
891970729,892150497
858866771,859141085
947457308,947589922
994584659,994736693
966653344,966934098
946055161,946300206
880157332,880285602
929520535,929660771
986292198,986428462
963489349,963790861
898948138,899095296
946504785,946646990
920101942,920579242
970132042,970326758
1024280283,1024427558
1080857848,1081001842
1049749308,1049997414
1103712305,1103903254
1041824052,1041991484
1096573838,1096701039
1067864138,1068035018
1122487312,1122676190
1172452002,1172582986
1110038915,1110183941
1167673215,1168094918
1229506322,1229688564
1209858491,1210028055
1146127056,1146293494
1118392343,1118621702
1178769883,1178957654
1162225378,1162627638
1079884424,1080013881
1153763788,1153908099
1125605947,1125820328
1062703014,1062831559
970751238,970891271
1018676447,1018826273
989933714,990177627
975943128,976170209
919088204,919240531
933383022,933588848
907887286,908299339
845427470,845773979
830291549,830707674
799672288,800091681
780587828,780811643
781627067,781790908
766952742,767113367
787870805,788014530
766153706,766393066
770245768,770431019
753591607,753749406
726548138,726768406
746868689,747408619
732945450,733337655
724170103,724596397
704424116,704825321
723919125,724117190
732195406,732335447
720511055,720736278
705289084,705446414
723597111,723789374
712086727,712351304
719748530,719892107
741035956,741214037
766381975,766767832
769700133,770103520
775526755,775891654
751991330,752399473
783928311,784147413
789393381,789535481
794827481,795204977
814466346,814597219
800220266,800438815
806201684,806617687
817019806,817140752
800556096,800753691
785076725,785441425
793396009,793753723
805699818,806077021
790471994,790855451
774276149,774495926
781333023,781468555
788856261,789164477
774844448,775041877
765855829,766079028
791328475,791731689
801809990,801937878
790377377,790587826
781533782,781900362
813276497,813674528
820074764,820210692
804893331,805282405
791912823,792097145
800080683,800203309
813274232,813409939
786759786,786882780
774039145,774236026
807016543,807238591
822554825,822687952
801234804,801406330
787496591,787875971
796836714,797038182
833918348,834123024
821825618,822151545
814463164,814647727
830146873,830276832
864562033,864714466
845025326,845158106
825919457,826117757
856585286,856803377
891605129,891726533
879002342,879225270
857393693,857759898
886961638,887134988
935414659,935549559
945493872,945924508
924728956,924914279
945615760,945785878
987337162,987474971
995252863,995413096
977103976,977306380
1014010671,1014219536
1034939098,1035070722
1015831347,1016030025
990116857,990514453
980915558,981306163
998912573,999134642
1013329352,1013717537
998350700,998531165
921089062,921220167
998020870,998165205
977230855,977339191
990416483,990630454
1008781440,1008970950
1033907956,1034042225
1014036150,1014220738
1028074672,1028480737
1014173329,1014553599
1022728438,1022919115
1021237738,1021680899
1035617458,1035817894
1055236119,1055368788
1038859728,1039268693
1052611811,1052796258
1078806016,1078995942
1076013989,1076409968
1061293922,1061426277
1046777173,1046952530
1067410642,1067623711
1068428881,1068784354
1052045540,1052223704
1068279660,1068653439
1016346544,1016518660
1047814486,1047949515
1036623587,1036757097
1015733712,1015865913
979063734,979184133
1002573461,1002695984
992840745,992998832
974500863,974617676
956942900,957079735
939683006,939825238
940721636,940848112
925535551,925659239
915979179,916093527
932561953,932692774
934499454,934627597
920610376,920738435
911079757,911193472
930450409,930607608
932102088,932218458
913206287,913324117
899860029,899970468
902021932,902144935
911128398,911264268
897627935,898004453
881118365,881461717
901410166,901797611
909793365,909937462
900223113,900618262
882526270,882670753
887745523,888119617
908785193,908912564
892195911,892311760
880777110,880902688
844214534,844527289
857598494,857749296
855398191,855774485
846784465,847101638
813813494,814119415
832405571,832541716
816573799,816693156
807846567,808011612
828477852,828617297
854644962,854793001
872230744,872363246
863829310,863970579
832259093,832571122
859360524,859495042
879910912,880052371
871352674,871486648
892814968,893020913
861252461,861578037
854170316,854331247
852358696,852511437
839659531,839778240
808953679,809254703
832413007,832559738
831138914,831283882
820679807,820852693
788847963,789163710
781328422,781456151
745022017,745153779
774454346,774770645
749290274,749614146
768411072,768561535
789478683,789606772
782158719,782289621
755402332,755724406
772369205,772511679
800558110,800706197
770853889,771209836
763594220,763706386
787568315,787712804
815892813,816022745
758152575,758495917
756662082,756835635
779314690,779470690
807783263,807909356
759638671,759949861
749835149,749951198
771152661,771280088
797514395,797662703
789438958,789625437
788469186,788588955
825582871,825729166
849110901,849239487
804808891,805122127
803409503,803529707
843904122,844063235
867959395,868106043
860382125,860512697
815587976,815931244
839245391,839399692
869303570,869450515
843644970,843793140
797019552,797325982
839435070,839582578
871143472,871292276
847059275,847252713
800056226,800364149
825320376,825510916
868162052,868301522
822219506,822743280
781472659,781802928
810939402,811087617
852815369,852957527
831978122,832097581
790584470,790914325
822715413,822854060
863075145,863215120
816416234,816771885
795250994,795384726
836462257,836635353
887891542,888041869
832736644,832890611
820239161,820438487
858571377,858728685
906563697,906713495
868135630,868276120
846123584,846298710
888332455,888505729
924543543,924679603
904104162,904295701
888692167,888856962
888641250,888787373
923860166,924008385
879924085,880154943
864354765,864539471
866037670,866386414
899419053,899817709
900867092,901017360
867021185,867178874
900719422,900870158
940299409,940451692
899843016,900070255
857984220,858139104
865230545,865397821
905381800,905536364
867885087,868048485
823234474,823383321
841399712,841554323
841339276,841481837
801980049,802135241
766663605,766805205
792490221,792709826
798911141,799047702
764564144,764845651
729436889,729572845
758934073,759172714
764696220,764820464
719960900,720106455
684549112,684997858
691455857,691799678
704908359,705296759
705801979,706187927
669314725,669758151
701120419,701337176
713477148,713861981
699398997,699605010
681465768,681890807
689121997,689346548
719733862,719988595
685067655,685484789
655074314,655498112
671810918,672192482
690158182,690399795
708038617,708416032
679265512,679689937
697625473,697806483
726491734,726917704
690055356,690291721
697498425,697897374
728879062,729112445
764461752,764728129
735464735,735862115
741053939,741267916
755649528,755853705
798829987,799085827
771317566,771712480
776825272,777227084
807280683,807529291
828414691,828815620
835879986,836085414
847506896,847881781
849822333,850207615
858253266,858645617
846098254,846473822
858660018,858874060
864768923,864981449
885946982,886127656
892623840,893028218
868394255,868768917
889975525,890165489
917935159,918121042
911875346,912213680
882909032,883306575
894921762,895294277
922382660,922729956
918406247,918732286
893352940,893577098
914747471,914961789
922081574,922443775
898305846,898659760
878402300,878845779
933034140,933230889
939507255,939896905
938421336,938790641
920083205,920479907
979255009,979635348
979045904,979385745
961974765,962350832
961187266,961372246
969254100,969398289
984083159,984430919
973345913,973559328
971856663,972268180
1035150198,1035331105
1047697414,1048050430
1040663494,1040856645
1039028022,1039385984
1046363548,1046724230
1106137093,1106560938
1106299844,1106627556
1111030216,1111229534
1054800051,1054938973
1102465522,1102837329
1110514592,1110713223
1113322956,1113639961
1059674669,1059857267
1119165269,1119562483
1117511652,1117686549
1113865335,1114270181
1175639031,1176065058
1242731676,1243085413
1204699490,1204988072
1198085171,1198278231
1147097166,1147244286
1215576941,1215962032
1181670800,1181950351
1174532270,1174953010
1236593670,1236779194
1185810171,1185966128
1179290764,1179425899
1171117534,1171525782
1232199752,1232555623
1180797320,1180929289
1134986268,1135296749
1149288422,1149421699
1204121073,1204262566
1150629512,1150742557
1143888753,1144106649
1111840613,1112182920
1060477424,1060608983
1015131622,1015276716
1004216824,1004364999
976670549,976936497
1035166032,1035321729
988173227,988294971
979901957,980085043
946492869,946801057
897078329,897197967
954716071,954884351
922095624,922594435
893945756,894271588
877938317,878059913
932736690,932910932
925421874,925544316
900429192,900792922
886980481,887120335
943373235,943516359
913183784,913672538
907399993,907535102
966802677,966966622
1030891291,1031035458
994875435,995054072
987811776,988008566
976425126,976553028
1038523689,1038656005
1006452044,1006562519
997831750,998010008
1054598879,1054731327
1041555076,1041689735
1034597321,1034802280
1032487057,1032608788
1062546627,1062680761
1048777632,1048902498
1016994190,1017176778
1005033365,1005216120
1051442353,1051594194
1039292165,1039418949
1036332399,1036463129
1007598625,1007786939
995641288,995787691
989468941,989597991
965385277,965579362
933658213,933783500
970835606,970973121
984388117,984528826
960632805,960847849
926345843,926554926
913693620,913833231
949851119,950009660
920886918,921011524
897149965,897365976
886633782,887044932
922951560,923089081
903823393,903994009
857940138,858055209
850514470,850898530
880334520,880475038
854881408,855074369
829015250,829213811
869897219,870042609
911616501,911755630
912454246,912647306
892444664,892624159
886863980,887071736
927363800,927504816
931448169,931651995
910475387,910617779
946645879,947036780
940426424,940827640
919882619,920087770
905235414,905440903
924590415,924736426
916949521,917338238
922604305,922747351
908246347,908440815
928704976,928908732
921913060,922077537
901878500,902061274
906392885,906527305
900909295,901305895
900794615,901175402
879636558,879835345
881989739,882185561
907535166,907932031
907626567,907829773
887222149,887362935
893364978,893567674
888091756,888301283
911610967,911761335
917927149,918132907
929159743,929297444
925465827,925840757
949480639,949842617
933658020,933905593
945529553,945720976
946385286,946745009
968729124,969121363
975078530,975219205
960309801,960516637
983841541,984060839
1012887156,1013041005
1001721091,1001931326
985529520,985665299
987979652,988394133
1017161085,1017546419
1006479597,1006679255
990311452,990524352
1013669213,1014056519
1015406474,1015813047
1000070239,1000210859
990048929,990425154
997487346,997698075
998729026,998917491
992334701,992548941
981713468,981855756
992329592,992704337
993633551,994006707
977629312,977834421
970710823,970910373
972729324,973115588
979963262,980334024
957323104,957503177
949591484,949964019
962271789,962490270
969824871,970013035
949811122,950001608
941260945,941398971
943045935,943437514
955944724,956335535
949200790,949404641
948647796,948851163
969141352,969533270
981611417,981992150
964942331,965156257
964240747,964621522
988998214,989191240
998476581,998701048
994021701,994217128
976062545,976192340
989882295,990261770
1008153741,1008526945
996097909,996312593
978348428,978551638
1000952079,1001354556
1022393765,1022801891
1012632018,1012855375
994634539,995020497
1008047602,1008233241
1033483705,1033690443
1018004236,1018204336
1006633478,1006765711
991883589,992288608
1017280158,1017646320
1009701176,1009917352
999623941,999821659
986887872,987262718
1014118257,1014519202
989941139,990165575
992600937,992991453
1019342951,1019546230
1052079603,1052286338
1023911651,1024150529
1016839488,1016986158
1006994675,1007151978
1038864987,1039005047
1013645106,1016675827
1009003429,1009204921
1035882741,1036021361
1027814897,1027941106
1022689902,1022871656
1022094536,1022535226
1027666721,1027875157
1025616257,1025745034
1002303618,1002577043
1000874805,1001018821
1015221639,1015376476
997359400,997495328
998023469,998165992
972808258,973041753
961329596,961470652
955667759,955801049
989792222,989933624
961260581,961492693
988218328,988377823
1024499250,1024641739
1050986134,1051135140
1039920916,1040149056
1034102320,1034240658
1060496574,1060635391
1040828343,1041068522
1022665261,1023107034
905814068,905944912
860151921,860398587
840731336,841173280
929833301,929948825
733976534,734218184
792965191,793208098
810239097,810380393
757204086,757330819
770356042,770487569
787831633,787963325
878152893,878300880
910425235,910589600
879998917,880238638
915539075,915674324
897646761,897759372
933365080,933509038
1007475262,1007743514
978082428,978322706
1018006808,1018149987
1009167381,1009291528
1044542147,1044692572
989091718,989366111
999895076,999998744
1033512523,1033652302
1022684099,1022821228
964492809,964761643
1004295927,1004437798
1018193258,1018308289
961241929,961508978
935038359,935322484
873534184,873775692
884255079,884386655
879792675,879954346
821153336,821413474
792940223,793200807
802729339,802851329
745131972,745365296
741298008,741427246
750157688,750292739
781370122,781490148
793185805,793372639
790393151,790572997
763093540,763337604
769647623,769756679
806466735,806604053
797698923,798024351
809468315,809637821
729027994,729453031
781292491,781496992
750036938,750325707
738974175,739127789
713368551,713759613
754883177,754996606
742653349,742978751
713977316,714252777
687407921,687646670
679547585,679670819
722483027,722616645
695019931,695267826
716402178,716536832
686488372,686763422
715038442,715146219
698767393,699043815
668408786,668671285
684331306,684455993
724811110,724987006
698125908,698376608
672134940,672419133
711257348,711383685
706738549,706864279
742054690,742218751
708638643,708933281
738725445,738857707
772934346,773059638
759739205,759866685
735261120,735565614
772323415,772436085
800165502,800299675
769960645,770242432
797549438,797697031
752275511,752548160
786725875,786854236
783572547,783723391
749483713,749769640
774765965,774923142
796988496,797154071
750387241,750721656
765897809,766018023
788726137,788857676
783915537,784039662
796320579,796508181
800139969,800239896
830287633,830453405
846921192,847056236
842115852,842280549
838009074,838157110
861384675,861524125
893511391,893650859
887974194,888147961
887903487,888053257
881826846,881936826
911951087,912087409
908687268,908867012
901166307,901277957
900816405,901016488
926975254,927121345
921803565,921913317
922072665,922258988
949256032,949372663
948256841,948378669
973385285,973590786
974222417,974357558
979224348,979376605
1003637140,1003785035
999685868,999897566
998527276,998698144
1026595561,1026802277
1032564904,1032716014
1029358465,1029499511
972103126,972323577
965689060,965825683
969096991,969258579
968825100,969024606
961751289,961919462
901635431,901875646
904278228,904428356
901747355,901952369
905821238,905980499
908756574,908965494
965849303,966133966
965118928,965275455
965517242,965701426
910255539,910674093
903551939,903778708
963291632,963495099
961265536,961408170
961728541,961964506
907857049,908113994
891832813,892019362
885197939,885329419
881428652,881647407
826753144,826990833
886292819,886509555
879421179,879621426
857706516,858080270
801754506,802190138
800309964,800512617
861566489,861704033
806920485,807364348
826365556,826560662
767059591,767304528
826311830,826450606
810234933,810408786
749521270,749752782
767744955,767865678
825966837,826175949
769461929,769862684
755270723,755628976
813606045,813813410
808047553,808173717
862549792,862774684
841335038,841462513
868874479,869070776
922317215,922462511
915084211,915474205
897778892,897975696
949221708,949373635
980074692,980259250
961216875,961616766
950953297,951154534
929140052,929335806
940714319,940875249
947496988,947686706
925246730,925375666
914518396,914704907
934320561,934456224
915506056,915876924
915560844,915739942
935771737,935914324
942765117,942951332
960718614,961094696
954131372,954539932
949336595,949544775
965234534,965357860
968437503,968627694
964562009,964693288
984627986,984806121
982376430,982575438
972244212,972628390
959664251,959852788
950619099,950749873
942820650,943044600
951072212,951469729
941770264,944521717
925901167,926070819
916138044,916282059
910664467,910885407
918433420,918549075
909278903,909464707
925711996,925882371
913618386,913976398
921314461,921523465
905886786,906021256
888788957,889007988
903742379,904141246
910318853,910706500
895849980,896042501
885272788,885390373
891832635,892011481
871171538,871427198
874536450,874722464
847974512,848171059
879367795,879776533
882605243,882811371
859144755,859360201
843254238,843440204
850485107,850880185
871278472,871679471
856056721,856249652
869861010,870002174
851729720,852105546
870803559,870931237
851476271,851711648
829431423,829585342
845623369,846010113
862881716,863290742
845515903,845651523
828836846,829051025
845052098,845176084
829292973,829648963
843093233,843279522
822729248,822876584
795539398,795924388
851759408,851900798
830322021,830519940
810023244,810214545
826782667,827171526
847056573,847503119
824831926,825049217
894033874,894221147
869532823,869899809
886541158,886918567
872112704,872313237
846438925,846809266
907126782,907262551
932110598,932258278
910621998,910822841
898601412,898739846
915404236,915813611
842305721,842670391
851914012,852151428
839500170,839694426
912157227,912292102
924670667,924801227
848454706,848851960
833354144,833476183
849236078,849372786
923400569,923532152
906282190,906462884
928638085,928806730
909169682,909520208
979362187,979753823
909560081,909753938
888629051,888822445
907577393,907953446
978702507,978843837
958822387,959199103
892251743,892613534
962901245,963045431
968848509,969011307
1036778502,1036987792
964789311,965175822
990050477,990416996
1055922715,1056311787
1061441056,1061827670
975297007,975499857
1060029883,1060166643
1086363781,1086510881
1013644070,1014021467
1007606637,1008007712
930405449,930569424
955164483,955308408
964134092,964329792
887455474,887825491
878573487,878972318
900041963,900413257
827841560,828245907
839198065,839425229
861647597,862050749
833664382,833803635
854150190,854562153
864489503,864628402
859183180,859371336
877817818,877951043
846947189,847111005
854497366,854862702
876817822,877224357
873820478,874166089
880642993,880843106
915893929,916076488
918363923,918750885
912598058,912950918
886394044,886750174
887717492,888130014
921353837,921727515
915215539,915345230
921224797,921411780
897277291,897449375
890472233,890842862
894696486,895062207
885231718,885601997
858520838,858689202
894598927,894915938
883355383,883714809
885581855,885793879
858133755,858449392
851529956,851900270
890943667,891076129
863464485,863632042
820926486,821203505
790669435,791022636
827706514,828104732
836223909,836537613
805136474,805303564
760293473,760564711
795000876,795236092
769771717,769923650
778549656,778949571
814546242,814932332
835171760,835361623
866217820,866641603
875409849,875619754
845990746,846225699
875854002,876229917
894276965,894657590
899967358,900351484
934032595,934240260
897859685,898162094
902586918,902804504
898439661,898819008
900342958,900751816
860477799,860715213
872900752,873232399
874204436,874592834
868957444,869135850
826899738,827167713
833027909,833392628
857634572,857972975
816194998,816471454
831368433,831761032
786307370,786574497
808617280,808765516
807920721,808054500
760762803,761176109
773803240,773988168
794230914,794590474
755318332,755573405
756519224,756708136
776854758,777013716
763013399,763179812
779747241,779948075
778834111,778950267
796310765,796501166
813170757,813314462
799223109,799354769
796870185,797056339
814487398,814703480
835527245,835723979
830127781,830296281
829824524,830049215
821928374,822082814
841765559,841904301
828503377,828727234
823216153,823549707
818373413,818552603
834273862,834398376
831391909,831519022
823627748,823814121
838542800,838751655
821159163,821633074
833406963,833596323
820689173,820871113
823233404,823387680
834664831,834776677
814827243,815175225
802637779,802769515
817450570,817572130
820831645,820976450
807715880,807843149
892450184,892583826
878305963,878449411
878469996,878845367
862556738,862862126
844832081,844972800
928380352,928537107
930271802,930425192
917970717,918167744
903567255,903900426
902177678,902320506
840911299,841041250
835586576,835719177
820298669,820601702
907576850,907710515
902591867,902819162
837896506,838053341
821470903,821779036
820343751,820503292
911766056,911906216
893431839,893723232
885183318,885380273
864319904,864614352
952280324,952425248
893630642,893757678
870480069,870809965
861611570,861740549
944429651,944554589
922748109,923069811
873286646,873449302
957197055,957331214
983397577,983558578
1065616826,1065806494
1006593824,1006709987
1000949236,1001152506
1081824281,1081950222
1105797093,1105948357
1046037893,1046216767
1117924490,1118068073
1129092951,1129228203
1067521117,1067697433
1050980884,1051118108
980319918,980456836
981308250,981478298
1007347477,1007561251
941978413,942113719
921931287,922115627
914951942,915081245
855547259,855693083
883515546,883747792
875521622,875664597
874898944,875030644
864956919,865177218
891204584,891362108
876368940,876507635
863956587,864169947
860105771,860302608
886520084,886673710
878928023,879133968
865019197,865153351
888995732,889174650
864411137,864635662
884948862,885107325
868608929,868739658
870699508,870929744
889972677,890187758
862683074,863048770
845217685,845417063
869116804,869326795
873503881,873661966
855872766,856062524
889080201,889250321
868790403,868938381
870273327,870478967
848210597,848409067
826115224,826246948
858660006,858864098
859596779,859962195
841866548,842237665
820991652,821266513
822318913,822536657
825741030,825924332
822728190,822922492
800398034,800782515
836478942,836624426
832348104,832548993
833494129,833874966
821306204,821558639
821634876,821835156
860907645,861288576
835564484,835965411
884907579,885108280
857622991,857836706
894092160,894311316
899976450,900209229
866311543,866534294
915437816,915583106
943294957,943512198
918742421,919166192
927917972,928123271
962410615,962604976
903659774,904044046
936667020,937060281
943002576,943198373
996422436,996656868
1027978189,1028212710
972405911,972774554
976886921,977107196
1011446342,1011582379
1065678099,1065868597
1069336887,1069720857
1057018206,1057238056
1057937665,1058143807
1109802585,1110025361
1053168127,1053540953
1047975238,1048188132
1033562388,1033762984
1082464387,1082663627
1086529642,1086915855
1032702774,1032892230
1079171868,1079305195
1083561403,1083789421
1131006877,1131422714
1075220567,1075439336
1065497462,1065699504
1110796350,1110946442
1109843841,1110216697
1053929702,1054159950
1103654260,1103849862
1094441360,1094657202
1038709782,1039083227
1017648468,1017909826
956254543,956400091
942353714,942558782
950369720,950768931
888997207,889204511
867065670,867318846
855930220,856069040
798673815,798809473
806097196,806232630
794450445,794651376
811785016,812119341
797551527,797699520
802563008,802761766
785030131,785486021
769159712,769363695
783873178,784224530
787731612,787864166
770394079,770581007
760335300,760573073
762680451,762809565
760362678,760527052
762330984,762549630
743607876,743880322
748886661,749232632
760068040,760206861
757183877,757557507
738972827,739274270
741168103,741358308
759207682,759744509
742130090,742399087
729531312,729759721
705303499,705550695
725695298,726021549
727864765,728003650
704351689,704604493
676871282,677106458
706978834,707294108
688146288,688415447
694152015,694350271
710418117,710755144
725223117,725419330
739060630,739411913
741490688,741638337
733244860,733482338
745816890,746137745
757415294,757554012
759079946,759270650
777441407,777752899
770838115,771079024
771332786,771480803
758575779,758721015
756968267,757178179
748306729,748498180
762256308,762442311
760134844,760265745
746282113,746462750
735026061,735243175
734968632,735120386
754943361,755281752
743928438,744165177
759182388,759346670
743636972,743851508
760920814,761047351
747257356,747608645
731943151,732196399
744842027,745055581
760118641,760269167
749510820,749754964
739366932,739545800
753306941,753455358
764178334,764359007
775705502,775927920
762788728,763110033
781371300,781720949
791727289,791855064
747284615,747412529
786880818,787050613
800682773,800895487
822285910,822402953
807233597,807421183
790743080,790919552
770540961,770657412
789881438,790055851
801889709,802074573
783209302,783529007
764300945,764635466
780626419,780747137
766036410,766355888
781021026,781180999
797107562,797293908
821560755,821962073
835281203,835447965
848917744,849090837
835751649,835877310
848171180,848354542
871661801,871868690
883920341,884326440
900089788,900220108
889338143,889453745
902011859,902142188
856112336,856341095
863088948,863268248
849028268,849382598
874737368,874959919
880223507,880415581
831751880,832141183
817132249,817307970
822492659,822678127
855868079,856068937
836952215,837076444
836413398,836714779
817119924,817254788
844600799,844843578
801035676,801292550
780100397,780215058
777924801,778352998
804985002,805214156
789334132,789664404
739378573,739792543
772955669,773383652
825271899,825445337
847415297,847569345
810163254,810317395
815527361,815759013
837885346,838072602
901353146,901483225
855678999,855843106
885299620,885443181
896552102,896807515
851255829,851410686
687326496,687972489
688658822,688903984
740941245,741068283
668005314,668367163
691398211,691516967
548137576,548456814
592691592,592827690
599991780,600252061
529824837,529978073
524121023,524380490
592429093,592672572
478956683,479227737
559419923,559543583
541188902,541458034
530822019,531246454
580124679,580301110
579266391,579550656
615858522,615974138
660688533,660835248
739608448,739820568
789298616,789641491
839138004,839320175
826744259,827008980
878018684,878210124
878418069,878540282
865140071,865436388
914641813,914992625
900115821,900374074
867664245,867782293
842217040,842348603
858292488,858428650
830042133,830231325
849712934,849921941
822260804,822631470
838483589,838682785
820661457,820930218
794080180,794212436
819348252,819684534
799509633,799939553
784877353,785141073
788869731,789012427
774138478,774462454
793932092,794099393
779501554,779768163
778599999,778722613
800252354,800574449
778250756,778542244
802864441,803050338
819524844,819670902
841888907,842019816
807441367,807636944
829583872,829767003
836033831,836186958
856756946,856944275
821175605,821344063
844015026,844194572
861734523,861870177
874830605,875047580
892660220,892839048
917534323,917725463
894766630,894909717
950525877,950661565
918305580,918457309
941456830,941590475
916944259,917084294
924616355,924781246
945136868,945276600
918854632,918992536
924044588,924181752
934545106,934694800
945501875,945641891
968252801,968403007
949315214,949487709
959151171,959283822
973236970,973378267
943462302,943613647
950996994,951126392
933659933,933823342
901934955,902064237
874486638,874634919
842536740,842744466
783560844,783704092
802896054,803024930
772847063,773192916
749862774,750086339
731141880,731537077
700730191,701065771
720729045,721077010
702596758,702972074
686159271,686391169
703126674,703467601
687398800,687816243
670562156,670774247
652951729,653546821
668122551,668255959
688692977,688877696
668733418,668950134
655060267,655292017
671674802,672067014
694390713,694771424
769049626,769416177
791199207,791405585
810968352,811300486
832298841,832668478
904459298,904650119
888772189,889007172
907045703,907374911
930423605,930632035
910906541,911122726
897111190,897351875
801973919,802374055
787809577,788217508
867945658,868375885
852750968,852951766
757826331,758182839
778439259,778792494
761865795,762100956
843821846,844009234
861401516,861783043
885052055,885229434
894799039,895156892
918339407,918517568
827088773,827440518
847067412,847248293
854687400,854914262
889299603,889490223
954214759,954586918
869240718,869659119
947228824,947430414
1030423704,1030848747
1059188487,1059555815
1142849880,1143059411
1157452258,1157865040
1239679757,1240080163
1266017822,1266380271
1178322201,1178556207
1198657669,1198875697
1276742995,1276930086
1183422515,1183839234
1095432153,1095867341
1062137446,1062349979
975893687,976113519
1006336420,1006743537
914018221,914259638
880028835,880417169
894622374,894983265
803620118,804065027
837967336,838172196
849815836,850019347
867188731,867585326
835655994,835983776
851014686,851390819
820574940,820960533
835191473,835388958
802894652,803326675
834839786,835045514
846859219,847256697
819877300,820248009
847379541,847749000
881296436,881496751
906424601,906631457
939792025,940159729
911865028,912266722
942714963,943099289
961613185,961841993
939968870,940360980
968513985,968890227
945053354,945272426
914995161,915375875
889560506,889933065
881843515,882077801
856319839,856540073
886574596,886709966
858717713,859087905
849241169,849668559
823165001,823545458
785795358,786014576
828981193,829180520
798604111,798964146
760046852,760253376
784160541,784554080
759460410,759668271
756252378,756472683
730147364,730327237
738413158,738558961
773135007,773282325
744223655,744592327
744382774,744800752
774163976,774372654
808412954,808634718
777092305,777238796
800416097,800618312
823749758,824112300
855705222,855921472
823106868,823326753
816629123,816856559
848003881,848152512
866444412,866582762
861229045,861624097
862404427,862632962
888639298,889041288
890096262,890347799
864461335,864604135
862522234,862929843
887495023,887877509
903072119,903286686
901097424,901337517
876724780,876920078
888456054,888594503
905104543,905238335
899231024,899565465
917949844,918179749
945933852,946066948
961383668,961577948
955060563,955209346
930590439,931011540
943915726,944241744
977134414,977348606
949503216,949741198
925834056,926052825
929093062,929232113
904030508,904177079
903596691,903761495
878699921,878913372
881173758,881310186
882682889,882803994
883542744,883686702
886399200,886557781
914249185,914622208
946386508,946585923
916858701,917038081
950142277,950338861
955870302,956023131
985662450,985795402
954760869,954879710
954804851,955013356
982761422,982899528
993372147,993497680
989394844,989524462
991409711,991756866
975342523,975676865
977823907,978019329
954291468,954490309
945625291,945816719
937315118,937656980
946772480,947203213
945589563,945791066
926659784,926862735
932352023,932690605
942162265,942301623
957542250,957654475
968165595,968528928
951241244,951595823
966786869,966994096
984084740,984286161
960063410,960411652
967643501,968003129
958176879,958522921
932176403,932373462
911789346,911983562
922999413,923367509
902988595,903117342
924462266,924591170
900574401,900934175
909038535,909401963
898620715,898836258
872318920,872488415
899343310,899707121
885930981,886296529
875980172,876335915
819921226,820316724
811976547,812166212
825655442,826027635
810600672,810956308
756720854,756996476
779450242,779594461
766450970,766802341
785026634,785230557
803847680,804050913
829050105,829387653
844013513,844360827
868004038,868203987
816035108,816289414
840014959,840230585
855094581,855234411
869436260,869576116
890961841,891181742
843073129,843507284
855150863,855490795
872913768,873128103
875188341,875369566
902855269,903235171
925224706,925575947
941476198,941659385
953042320,953229270
901834067,902094299
915520154,915645821
940651229,940779406
886150211,886391955
836247778,836494864
814428404,814688552
765137348,765570113
783549844,783728673
731148526,731395419
708463398,708685334
730854842,731038302
677671061,677920048
699555005,699751804
717517616,717655555
741231267,741372896
763570437,763970882
787919107,788228383
733419868,733659059
792125677,792308663
764523265,764916047
832298856,832634902
608763887,608951658
655424509,655559542
763336451,763536429
767773058,767934794
866896593,867061393
909029267,909445542
975667182,976062588
994475534,994688345
1046554800,1046738804
1027683834,1028084336
1014604547,1014871052
997833005,998085283
908513456,908719155
925728436,925868157
912147838,912376985
940755208,940906799
1002756172,1002893157
984733580,984951270
893521805,896065453
924414758,924552657
955712043,956083134
975070593,975277096
1002210464,1002585987
983404571,983654363
1013451850,1013567798
1073789143,1073945877
982575208,982817447
1008426329,1008559593
1031216870,1031348757
1093103172,1093245744
1158215932,1158347445
1215552460,1215694966
1225801628,1225928951
1251434339,1251584152
1316438426,1316637074
1228144499,1228387325
1253502655,1253646888
1313145725,1313283816
1308775459,1308970678
1230977227,1231218969
1145656684,1145892395
1056011218,1056229994
1043609622,1043781427
1101088419,1101233684
1017728306,1017965780
1038491098,1038617095
1055049438,1055224014
968366012,968616712
951104618,951250312
977752103,977913350
1008615612,1008814925
1030567196,1030950104
1031747688,1032136679
941800252,942043747
973474837,973610305
984759619,984909998
974367710,974592863
985196191,985327773
996283819,996421566
1009999913,1010183159
1025424310,1025551903
1031832734,1031984417
1009458525,1009663815
1034369987,1034767096
1050503172,1050707409
1040399754,1040610466
1039585413,1039726332
1053883357,1054021937
1027135264,1027341079
1017415200,1017559091
1010312834,1010462714
994811751,995021824
1031179852,1031347414
1042263760,1042394467
1035345267,1035543143
1034144599,1034527512
1010288209,1010475740
1000128963,1000323252
1028814492,1028964358
1018255949,1018392650
1033602752,1033799360
1028898087,1029043695
1002079325,1002317016
990206021,990412814
993766085,993930761
970294219,970435906
1007020222,1007237433
1008410613,1008810399
976445964,976648008
954158561,954337359
934796845,934921652
907755967,907900585
895797491,896114279
894385859,894554888
872696847,872829741
911356257,911565114
883515281,883662824
860859131,860998533
844250986,844600889
882804302,882953023
924342011,924476461
957196290,957341607
940844283,940998406
915838721,915972277
957654476,957874837
931103524,931247080
919891460,920407982
958450373,958658469
937193410,937338596
913143306,913273485
891144041,891360893
860795401,860946628
876017464,876157686
913854483,914004332
891827577,891974022
881621214,881956407
866354674,866570899
841405206,841551770
852157561,852351727
842807412,843141485
834479121,834808447
821500104,822018634
817731694,817955235
789771525,789907165
782886659,783206707
766617630,766765163
779913555,780050707
772459132,772791441
760872201,761094290
744027629,744184200
736632066,736848077
718212198,718412083
686254384,686666879
675424679,675734471
662819188,663044585
676735810,676861225
674893388,675103919
660023946,660163601
624928086,625173094
642294178,642462833
661413427,661542650
673247472,673407208
732454292,732676930
715920402,716283984
735951560,736130172
733435754,733652636
717669680,717894017
735672033,735804402
790691618,790875862
789595682,789847377
793895423,794116126
788206436,788435892
786646831,786784546
802529010,802675048
804751644,805163269
774343419,774566318
818689051,818901745
816997593,817222273
809181676,809365564
778348279,778757333
749803809,750042384
716378938,716613384
753052966,753191265
748265922,748501805
719807990,720042077
781007893,781151851
780545192,780714670
751635130,751868221
786415186,786561613
847351375,847540470
910568115,910947133
966625222,967003256
937967474,938338316
906452911,906694334
970775846,970905200
888451060,888674715
998551569,998758380
1068423146,1068552782
967371657,967515514
1028249343,1028424665
970746312,970854740
1000127209,1000313618
982083717,982460305
1072732096,1073080978
1028837033,1029219444
982181883,982512494
1042395876,1042525295
983733619,983920650
1062685257,1062854802
1062947544,1063092245
1121545176,1121686398
1101785288,1101986510
1180557436,1180695310
1018994632,1019203269
1163841260,1164200175
1097202796,1097600744
1077232687,1077613250
1197917658,1198134912
1131364974,1131500265
1085146927,1085351893
1163592738,1163772969
1033592142,1033724343
1079153405,1079599979
1062703181,1062906996
1093900455,1094053209
1097710523,1097910172
1071642534,1072019290
1052132799,1052517782
993060082,993474892
976222087,976418950
961745095,961872178
939313586,939535063
997802042,998001340
971529332,971946388
945453685,945657282
902932807,903172811
886008660,886139193
887616710,887820633
942459929,942838851
945540066,945730252
952311335,952702443
952358419,952565875
926834710,926966900
907267740,907496483
912667443,912867370
972454762,972593607
976397218,976597037
921535037,921756458
893648757,893781871
841390735,841623308
791835029,792045170
733469685,733880413
732506210,732862616
734073192,734263270
683762901,684003244
661141171,661279910
608364505,608603879
666040640,666193208
662244635,662365469
723007107,723193999
788029061,788162252
832467710,832654363
831058144,831293066
775277911,775684503
839926182,840297649
839474477,839825741
900107900,900516728
876636343,876783803
859116933,859381174
836685256,836812738
817637752,817781066
790586454,790768869
777907755,778037792
837920468,838113690
817883547,818073865
805485229,805717865
784774294,785120838
784898421,785271878
757499319,757892210
771371521,771503600
776609838,776825994
773746626,773871224
800387552,800518978
775904674,776088499
779613639,779741224
767493618,767934532
769422540,769780138
756000317,756253915
779388503,779762076
768089925,768326065
752721618,752961403
741465449,741697988
767560546,767793715
767053807,767186852
759973844,760359573
787708797,787922544
776485351,776720688
764945196,765261860
784520829,784726854
774869834,775064517
768192418,768561577
753855984,754178253
745938933,746324939
730393626,730811694
723814035,724018033
744830623,744984464
735418473,735829503
762019714,762381765
750285266,750487199
778534539,778897789
808890049,809068628
831295825,831481416
815045955,815420433
801085705,801470641
833742380,834117152
825799185,826244028
856770667,857025679
883726458,884003555
863658936,863923730
888030389,888283441
916602953,916862971
937249178,937481892
922780073,923048011
948934909,949199490
974174359,974430744
