116371079,116504716
94653661,94773752
110695370,110811262
179668265,179806216
178682620,178828383
210369475,210509294
267295911,267449097
341944481,342189922
547434901,547602712
655724987,655897326
657317513,657484515
588036945,588221408
555382843,555533558
471574555,471726060
391946294,392103463
385806351,386030301
399722675,399868976
408373156,408507566
396003984,396212454
394142359,394318987
409202981,409360642
395527768,395679423
399978127,400171008
407943461,408086334
395973035,396128166
377712021,377879596
386550408,386734607
366053749,366453039
386170256,386316635
395094292,395248122
392001011,392137292
418522530,418693433
427651200,428030787
412467581,412835856
432797602,433178425
446685989,447068409
423506024,423947513
443994194,444487738
458190575,458351499
442272751,442418767
421299176,421455556
442644371,442800632
425938331,426077357
440229749,440387513
447291923,447432444
459913265,460340749
436865675,437002648
445228090,445432326
419443397,419591966
435187180,435361903
409574437,409711821
403932374,404353134
425520167,425735723
397084587,397257592
425428430,425565667
413317534,413532541
440287020,440439501
411147024,411271842
389537975,389723458
410516488,410672488
431942995,432065613
420097471,420245720
440161817,440551202
435965975,436196628
406881314,407321165
389151929,389528477
385924237,386286682
356312111,356683262
379661534,380044055
377571421,378089911
371679320,371831614
466756848,467220641
463575472,463790726
456204980,456357223
477368764,477520452
479829474,480065100
380198287,380406801
404311121,404464704
399196690,399360273
383477022,383686630
369409597,369621444
395284549,395450405
383501037,383649671
387555822,387761563
383589559,383726688
404012630,404363748
364145428,364475415
364967863,365098512
353931314,354304380
360366692,360734488
325422610,325712652
339843367,340074707
345444920,345620167
372142384,372264399
359813522,359999566
361082477,361283597
368718409,368881451
359883260,360041438
323391163,323681862
349374874,349504989
357824751,357977735
351502260,351631245
373264567,373390222
378726158,378989176
345830398,346132688
333847869,333973392
361535857,361670870
324402139,324916005
337156446,337324257
343748965,343954521
369649186,369793655
367313102,367451206
373937360,374324310
365984572,366150445
378624200,378798112
373463065,373649175
338455726,338649493
349274400,349634904
378338145,378503588
367346429,367510996
327893303,329648456
349519976,349644454
338586130,338949962
335814492,336028021
362570266,362760438
380185926,380303866
394725274,394920057
422202694,422645635
386524408,386729727
383274267,386205695
404260758,404399456
400788788,400925865
396624055,396750199
415853267,415969115
380825289,381205476
367381448,367518704
359532269,359683513
323826732,324184719
338279725,338421390
356333234,356514311
346462300,346764792
353898820,354231718
372212863,372506672
369428607,369584509
384531519,384876612
383792884,384120875
335797004,336126190
375276685,375593951
367280121,367609931
364890383,365058955
335937660,336245338
365533315,366774796
362497492,362851886
368642790,368807347
357576149,357747176
387528504,387693285
431614741,431759835
427568331,427714437
402224037,402348363
407846740,407967840
403994675,404128465
364861718,365051209
363606076,363789591
393499115,393713134
366443358,366563032
355921194,356073690
383781590,383905770
357335088,357468743
358674890,358824306
392142779,392362437
418761006,418895353
395762277,395949014
424741955,424998636
416320933,416574400
421519047,421648624
391607213,391746015
385382607,385554744
403047583,403231015
434135097,434315112
426966779,427114385
422143545,422285742
404042145,404273152
380435291,380587461
363270137,363399771
391240402,391455604
368375775,368618321
364042879,364175360
393840272,393964986
391722941,391859409
363388623,363513508
355815467,355989930
387606062,387734183
365387663,365530307
336565941,336832053
330576220,330715913
356647688,356768466
354235898,354418921
344963929,345111234
339292069,339672062
322811416,323058925
315786240,315928735
326456188,326593688
307862455,308327355
336230871,336392520
329164770,329350953
337721546,338070131
339869412,340242220
342648015,343011149
342236150,342399497
370955511,371157707
378167110,378536731
365978023,366158319
394858550,395181666
403126780,403292236
397893677,398258265
383653868,383991309
364390312,364711408
361510216,361815023
372620463,372809540
381588400,381760664
356898113,357236489
372709914,372894587
381457538,381851989
370049318,370218811
380702076,380891062
391685932,392047108
393508433,393886328
401711142,402071156
381099406,381275465
367466309,367645299
366477454,366847632
392781780,392980176
379126076,379530494
394314722,394634410
373199232,373366147
393996389,394350754
370863396,371206007
349043303,349369484
348160163,348343928
362298131,362468970
314329138,314716663
341701303,341886858
290832310,291184603
379360177,379735433
380661567,380885458
377634529,378017537
446724860,447145656
447880658,448239550
427288094,427698029
461396821,461599075
522819667,523234083
458100967,458301950
490022723,490449749
491817814,492037315
459704528,459969745
404613400,405006427
414033451,414424048
394231722,394421254
465092580,465315805
467967849,468169117
473622220,473807457
455766369,455911474
454684429,454840473
397620584,397754298
471515664,471741413
451504625,451657992
441935520,442125723
511533002,511682194
519461556,519594167
454620803,454765644
441722387,441898663
458982985,459115772
401453333,401610546
386369992,386510145
393464392,393852381
409419837,409874948
430982729,431383210
437868956,440514888
429066523,429267193
413107479,413489252
428119576,428535432
410843833,411235548
395030751,395398595
411457419,411879181
403774142,404143785
381968194,382283900
374261962,374489015
363833409,364006837
385209394,385357546
396129830,396277359
365862248,366033906
365281639,365409985
398537307,398689384
379736056,379883023
398722572,398857288
433017115,433152274
421185865,421537326
439703274,440177753
406959548,407370818
386972697,387327190
367763245,368124091
343610502,343767299
326403112,326543090
363525695,363667018
332362700,332800739
308269545,308434053
323985483,324202979
291665505,291834256
287674006,288025558
324202794,324345984
333705089,333969440
345417728,345570480
385500258,385647501
354105649,354280756
342630695,342950074
348729862,348892089
339169768,339521556
322802166,323324992
336727031,337005741
316011926,316218483
305289044,305529630
334277431,334411170
311620512,311769665
323334653,323533005
332113872,332321026
358350330,358480159
364493511,364631386
377975569,378187694
371841404,376045662
400142819,400300235
406203557,406343913
408291049,408435716
458433852,458611611
478911698,479057709
452742259,452996460
428080324,428205409
394182530,394568043
331955014,332183993
356420866,356557955
386463649,386632298
373120716,373344925
396644521,396769632
426268078,426414607
402772205,402901807
408965645,409118328
430455717,430646253
399320373,399658398
405205616,405349797
376872123,377271893
374082947,374260992
340716326,341071712
359640264,359776457
341879903,342036860
366180201,366324116
355250945,355464227
369250759,369376640
402648628,402813679
391929170,392206607
358785399,359144185
382025885,382190102
410876132,411039023
362463061,362803761
386444166,386594535
405991332,406129570
374962928,377798062
330946927,331350180
430067579,430293640
397577856,397949397
427496362,427675044
442576345,442710258
468597521,468746838
392668757,392837683
410445132,410578720
364222882,364566841
415351241,415507198
401319760,401536690
416872637,417024542
445675783,445803699
478382636,478532564
411728161,412080399
421663191,421812971
426001296,426153698
377895789,378234523
366675271,366852625
398630953,398992053
403095480,403440907
366520948,366863484
399857069,400241159
417477777,417672201
405632188,405823426
367981847,368396715
386245170,386401559
373350941,373550952
380692495,380849302
392911397,393351168
404316440,404738879
422432506,422584535
450169390,450376176
424095071,424258231
430883862,431054464
435131814,435262873
429600380,429788634
421629226,421778745
430826200,430978443
393523040,393667044
388818858,388984149
397745324,397892883
361772728,361923141
368902223,369280893
385686679,386049131
387552716,387923261
351114181,351542373
366420984,366792990
367323872,367740253
373765267,374128712
334588674,334796017
377943549,378300822
385500305,385679356
392221913,392574448
394262096,394606566
436321633,436510582
441639130,442043333
441420762,441796840
404753678,405148017
359958697,360399311
405623577,405821495
377486349,377835233
383487279,383651961
428573748,428984230
390363367,390564651
357395606,357565283
363857091,364148459
324604448,325027527
329297848,329484994
371868439,371992760
371584996,371889882
454107063,454317273
500492357,500628254
474100422,474240683
477786539,477952423
560000574,560144433
488524585,488696396
494513165,494926234
494904754,495207266
462892622,463011081
383843752,384031427
370831498,370999381
337889321,338034194
423158356,423312108
428771295,429098740
413081895,413208031
446864596,447048618
449396404,449945974
374717007,374877244
458505949,458663777
490122311,490305666
469997411,470173982
553751315,553906759
543553936,543693190
448966014,449124700
445173479,445307111
444627327,444995886
367063304,367393957
399726876,399910661
385561064,385693582
380794321,380972630
393506951,393684446
380265521,380448495
358897916,359066129
390227379,390404582
396717574,396856196
395213151,395556130
427323426,427737482
425428114,425633308
405454732,405597103
399742808,399930167
398038988,398175390
374691436,374819694
385156624,385337148
386105454,386277257
375859316,376015433
412662345,413072063
410924781,411128511
408874444,409047181
420029209,420170319
449330813,449567216
451511604,451693383
462793617,462959436
462524804,462716746
463481362,463665783
460568426,460726023
350189935,350603389
416736733,416894403
449008567,449241553
440628674,440767811
324698085,324857016
406755133,406876598
413746711,413854588
416650446,416861881
449883298,450070093
476649661,476767996
455335078,455623987
488608808,488913407
379716024,379881846
447036772,447182232
423030586,423219777
484589590,484723338
487854576,488236606
518314843,518573726
415451230,415625227
530978361,531142652
461315130,461653016
354747359,355114569
396095984,396471994
424201419,424318079
339329231,339664027
355071930,355186859
387686447,387825096
446802830,446954192
429907277,430138198
441410842,441549372
436834225,437033448
418226131,418394245
338658908,338953090
401756115,401912458
393871579,394068938
417619689,417755609
484111355,484272738
498176238,498316079
422353760,422696764
430381810,430588817
404291876,404499193
325246790,325734046
316290962,316464576
336530794,336664052
291230904,291656965
299455230,299568574
321040447,321154325
350290059,350414173
345844810,346031278
346842916,346967308
347550244,347896445
342724773,343084062
301967405,302159295
333176482,333333899
328370349,328577011
359446487,359599162
390712819,390845959
383995061,384122653
349569138,349698896
370608719,370756854
384621444,384777111
346376198,346533980
344184642,344305604
353478774,353590876
361668373,361804400
353595395,353776948
362491811,362602749
385923533,386058318
391948478,392084125
381394964,381531801
357326775,357657250
358777555,359161613
371154424,371501007
398666074,398988850
364252002,364552539
372598874,372926318
403743631,404103600
396370468,396736520
410703793,411015866
411549986,411717008
427357150,427515787
442547035,442905956
418276059,418590523
414568453,414683790
425902502,426064468
425872942,426204620
425600676,425932370
430290561,430600649
410149125,410469346
405206235,405367623
394855528,395023360
374045040,374541655
387364005,387555870
394860933,394988775
383671976,383835959
382694426,382831583
389403213,389517093
389492976,389622886
401573408,401716588
398796762,398953645
433791215,434189234
451584186,452002007
444375676,444550218
449682750,449800327
480772390,480942295
439031518,439311326
439603590,439755013
434998923,435142108
425033609,425194667
377552816,377946270
406702410,406901997
402502662,402805972
421606018,421752064
440619729,440756235
468405201,468682341
419684606,422048338
413020106,413144526
387341013,387641633
421130730,421243189
364775814,365295576
381644392,382014605
389546769,389961418
449749077,449928686
413565888,413889635
427286890,427463709
460291268,460471352
420797541,421324504
375442581,375763225
416890495,417063086
444194864,444345137
455515620,455671559
490331117,490553978
502949004,503090963
447301919,447641290
454747464,454886038
482498442,482644929
431709555,432057417
458905266,459057101
479331479,479732904
505209890,505656799
445124973,445487277
467062951,467470583
482742940,482936851
514992815,515178617
450821330,450968087
447128616,447278237
508173451,508331579
533379770,533552341
547667799,547821742
540077323,540234705
512206017,512501885
500576372,500706086
439558198,439719374
472137914,472309960
440057790,440279173
491080876,491222159
522409362,522597641
518055248,518185065
458902518,459056769
504803910,504985602
561454722,561640397
503324840,503646619
473969451,474214084
473601797,473799202
525151085,525319237
463243954,463681324
462760444,463122054
511581498,511972850
478205267,478426466
417723214,417962549
388616457,388801022
364257055,364740971
418749520,418930782
470226941,470429568
444964472,445129533
430631271,431010486
484831118,484986215
421533441,421729685
484452849,484638719
463622986,463884512
487104646,487271923
548300445,548453119
520183715,520651218
456590208,456741783
469375405,469534147
476661777,476806538
416389504,416548329
401090429,401791601
374794807,375167395
378036940,378473362
360611178,361090267
337212336,337644791
356913184,357310420
345183661,345589842
325148506,325533921
332475596,332831532
323041401,323422271
328881841,329251713
345270839,345634549
355067959,355425885
341731258,342094452
369921216,370053467
356640279,357077064
367062498,367231234
348012507,348165205
386624953,386762603
389837315,389956761
396154584,396293025
382834844,382978511
413029486,413159741
393197417,393338581
382721881,382915820
368136726,368320391
378765564,379132635
354499468,354845460
373775123,374140201
380260207,380582608
418157104,418469987
409630110,409945244
426339529,426703604
440261052,440644277
429899847,430075383
411949527,412116630
450396890,450698813
466203628,466344914
451253282,451428143
489302089,489433205
508309588,508432813
489184355,489297822
463154326,463283816
448300809,448425066
431227665,431343053
445742280,445878631
468855356,468961219
450841169,450943735
442650982,443147980
478514615,478878284
464024109,464367432
480304295,480613115
479607014,479909787
463244939,463594901
480017256,480346743
463253843,463553487
450361258,450657597
429536687,429826260
446848136,447210297
435063140,435367175
437072287,437375189
424028084,424294419
440332883,440619194
434626867,434937976
422542805,422829251
406638323,406978789
413891349,414241427
402635269,402981141
375604395,375926235
382401619,382590790
403560855,403696107
402575364,402686277
367533279,367830203
392226227,392346441
381354175,381476444
371774603,371882560
379609212,379726071
396565374,396685538
391768369,391875046
412729683,412845666
380257603,380827261
377662406,377874691
367139069,367288022
393166385,393528207
388552819,388885181
408629769,408984083
383311036,383863262
405989610,406108383
361235648,361503252
329042937,329495862
325194918,325347032
346222512,346391997
330736087,330996820
478109586,478314084
518191561,518326437
486371305,486490839
536820319,536918508
534815575,534955273
418131994,418268597
399421404,399582363
354794731,355136044
383591897,383752127
362261700,362412408
397975214,398119011
425261051,425787618
463185212,463602310
421353241,421691710
448857596,449262914
409150172,409521837
364296629,364865250
338641404,338837460
382374663,382785046
343361572,343760114
351920410,352094742
393681985,394097732
427581187,427844791
408697351,408870574
411455109,411841040
377621266,377861584
359652037,359994236
319328282,319524118
355020125,355152083
316789067,316987600
346901937,347293202
383644116,384050682
389333933,389555375
351397374,351556790
382243055,382663919
390333975,390498215
353857167,354181920
316547221,316761813
318985586,319147774
323762510,323889832
347704891,347827364
349143025,349532608
384599781,384948380
352759465,352926043
367536920,367847908
345329725,345627951
311178209,311463226
319298721,319492453
351433192,351727245
324827195,325117045
329423879,329531916
366078746,366421287
387653513,387836936
394390859,394558028
397104516,397271142
402619382,402744628
410492193,410777762
385171671,385313278
409338581,409493354
404741536,404873613
465926531,466052370
487379088,487662820
490052712,490200673
472743623,472919932
529914922,530213914
523641349,523800320
503798803,504105062
503167441,503369523
506964450,507274547
497754024,497878169
449206384,449321245
455963512,456261714
505265388,505443463
520808860,520952384
466814789,467152458
435729096,436165246
436786057,437050521
431257723,431439547
495798694,495915006
460459559,460731845
520613999,520752004
587568692,587957871
536084982,536292873
533400341,540327984
591696760,591844597
588420848,588634862
584373688,584495755
551316578,551617754
497253736,497371997
488459315,488616945
478562206,478676918
429352868,429487506
484566723,484718976
455277870,455615810
439859521,440204686
411093060,413447732
381941987,382400669
374607301,374774256
428979363,429320936
402418338,402742044
439967848,440085320
495806498,496121138
485052999,485226416
480118790,480309202
512215845,512565167
492196286,492370241
486296982,486591313
454999752,455161287
446381147,446713197
421355820,421500851
419149202,419452317
409613713,409920632
442618924,442729744
414079203,414213138
403698086,404004709
407740385,407933317
384038258,384399631
363737425,363869631
403738374,404031691
401333043,401639618
427843799,428146744
466624561,466887038
460428183,460566258
442873178,442991903
462445009,462747972
447860998,448012174
428754152,429083299
431287738,431444879
430917156,431251550
412365788,412683614
416428020,416711667
414552236,414898063
437298037,437478079
442178980,442363450
441876932,442263802
438897984,439051609
442846850,443132141
429528023,429736093
455745328,456078337
445766003,446053730
457891783,458171813
484871503,485215522
486336905,486488747
473365341,473544381
481258618,481606210
462170580,462333672
451971325,452294691
449708857,449883360
453185320,453292413
429058952,429178193
461781331,461893684
463776809,463892109
469360420,469471734
457523829,457660541
488054145,488180306
484172097,484315776
480881989,480982423
458575057,458743142
477849422,477981994
465299417,465410114
453735880,453845713
469020105,469124991
495479650,495616178
473983168,474109086
465618130,465754193
444583937,444955873
417097769,417357333
414624043,415278432
452476212,452842180
425670371,425853641
445051853,445321978
476329077,476648407
405417910,405728968
459435735,459696417
475218462,475347721
518917457,519195597
514285580,514607507
488933288,489139672
481214248,481383946
518267055,518401112
462291696,462512546
469525917,469681633
488090283,488247248
468675776,468860875
405050068,405235139
414149212,414275928
376577378,376785436
415754842,415954447
435489183,435641763
441439781,441567321
439318767,439473020
446416264,446572230
402575831,402834393
446038814,446195921
432608563,432787273
401568729,401807581
443072102,443225122
451426825,451572031
397978704,398245357
367185575,367613177
402828855,403211030
349938084,350366891
340311844,340513960
349324072,349708305
383728169,383919676
356931601,357271369
368679386,368817743
342343099,342579380
337266261,337627690
302460810,302773219
324349202,324513975
317837140,318253808
357143162,357296024
333468654,333678731
349189667,349317874
348468376,348609859
322944217,323332343
290538022,290864001
331600069,331731233
323438095,323596390
352503652,352643457
390822896,391152732
410623526,410932542
383258321,383574491
405469736,405610901
336355251,336542979
376204150,376664178
368970888,369141444
391553022,391695887
324013442,324184325
390919511,391241826
408856888,409168416
436721212,436891041
433828371,434026848
436756398,437022745
434681475,435063466
430786413,431150641
357573449,357748412
458623859,458784684
456858446,457063988
399787138,400158529
425278161,425658815
421636301,421845018
359594789,359779441
369674609,369884196
427305255,427769097
360949587,361309278
409374466,409552394
418573654,418792031
530654271,530825524
512036580,512186880
498605616,498772976
450972209,451390034
447161430,447303513
385496914,385633848
404241244,404444309
399060189,399208856
456549612,456714978
401189787,401578408
425984494,426353503
420869063,421262637
362654002,363028546
339546179,339883814
398540684,398931421
397974439,398113063
389398244,389564866
447632848,448085991
463239281,463379954
443657405,443961384
435517868,435824299
438920291,439085086
420824201,421118611
409297927,409623433
430018719,430310868
441280534,441574041
424738739,425042735
447241200,447553747
431137096,431471625
428730439,429022172
416635455,416931192
431495299,431630830
426393002,426729516
425368969,425733012
416876302,417199773
464344510,464494925
524216669,524388356
604617743,604829183
660019266,660147747
686038777,686179601
636080137,636221908
571995497,572133114
489402933,489545417
422126347,422235581
387776012,387897169
409270275,409452322
402919775,403065359
386223029,386378304
358935710,359088534
375136821,375253445
365017980,365131874
421442176,421565785
440086512,440201559
450110088,450233822
430039527,430178178
501398619,501550881
430865166,431168773
408634738,408938840
387199403,387545094
402949118,403289872
335014810,335334745
358297072,358591742
374209824,374323167
437162641,437534667
426370724,426751920
454382212,454604822
460119657,460542556
443674692,444039178
360796387,360985203
434183332,434970163
449812595,450215871
443079182,443497402
509025094,509429309
529873934,530269516
456780801,457152799
453653528,454040035
424927678,425242108
350237809,350559665
351671697,351992151
372774448,373050083
348934216,349308751
381400516,381660510
403232799,403515740
391731272,392032804
403043915,403361318
443225130,443517639
448391190,448772404
452092557,452408860
423578230,423910089
419152387,419497285
431702896,431910254
358687442,358902945
382736733,382871102
410864937,411001446
383117619,383241422
341248123,341471069
362044335,362188698
335034527,335162990
335835306,335969472
370102517,370225708
391913362,392095547
391486812,391649280
428378160,429513179
381607203,381841495
379832300,380016018
387693254,387865756
400738718,401071462
405031005,405447357
419396312,419759271
379385479,379814318
399242651,399432525
387412458,387616689
342977306,343396647
334303305,334494609
355356593,355605229
349083542,349272512
346315716,346685453
367124112,367474449
377853533,378044192
376499884,376693524
364577651,364781059
361730202,362080608
358424466,358582725
266759187,266882521
412333232,412488348
394775895,395121104
345450334,345563055
499523212,499647589
339635256,339759315
425140581,425271510
503751532,503894341
475209252,475352208
397209792,397338148
441211085,441352302
380781293,381101340
269835249,269981431
355524139,355707513
272898404,273030378
331863630,332202979
398582273,398713538
317091461,317233496
384602624,384933464
199425170,199811120
354929825,355056329
446250112,446389514
426502874,426721600
582907270,583047026
495584029,495721291
432565085,432712453
497884472,498021981
442534278,442681669
367443244,367576404
331312364,331449137
379600411,379778006
356173228,356331862
408417524,408548907
398841929,399038471
370924652,371285221
390430627,390581456
371546818,371709040
350491961,350903250
376032045,376418681
409981322,410372711
387568287,387932874
386110994,386530481
442496104,442655145
426268197,426407831
432165053,432341263
427960510,428103880
402477169,402842651
394885310,395012728
394960433,395108990
444468272,444634810
417883034,418054922
486517830,486701835
543122796,543286668
519214605,519534415
460910158,461068001
489440116,489593301
454989759,455140429
404666361,404785805
437049184,437191567
427551340,427706046
426785012,426911887
476558366,476967148
472821331,473004762
442812452,442982406
478633588,478794456
524012912,524168852
465911506,466055155
471712026,471852288
521622287,521764654
497930941,498159300
439828961,439984085
429283346,429416860
413514859,413761021
355848795,356229494
375179946,375578710
359700389,359832964
358688925,358825308
379685794,380003543
365993279,366129895
356044982,356181730
363208808,363356511
346436230,346651038
360993869,361146548
366210839,366349620
353573547,353782343
330633844,330882705
342510770,343685718
326629643,326972147
307285632,307507766
338493515,338629229
351202459,351515209
348631251,348773218
369555371,369719151
382822608,383147994
353807017,353923687
348644745,348785099
336494649,336845162
325894838,326028125
324332935,324488682
342313394,342511810
333807603,333953785
347495835,347634198
371686365,371809784
362325193,362536165
373656392,373774149
374714670,374829039
355513664,355625859
379601837,379715854
383216334,383360668
379215281,379349871
359005106,359132678
379248700,379441490
365521483,365648363
348847559,348962575
366527371,366664629
379698424,379830685
387816869,387918435
415008733,415147842
428922270,429043900
387873800,388277172
393512626,393642717
382621503,382728880
340740493,341046349
350234839,350394854
351407535,351601041
329435671,329543275
347754477,347873700
348896452,349120077
336550810,336660594
383744954,383889361
394520427,394653580
361742949,362059564
417750836,417880568
445600086,445737942
415847220,416016760
364484122,364780348
396876757,397074709
372743151,372866778
324888993,325172022
303976064,304192756
305944154,306207901
311810458,311960827
311164078,311374385
310337073,310521285
328676092,328773397
374200539,374361743
346989368,347115340
369879828,370036497
422054355,422176383
444749563,445144803
412291385,412423273
393197411,393435892
418255368,418356085
385328416,385627023
394392748,394505770
371102106,371300349
388316872,388425802
388756765,388872272
386671529,386965360
378734675,378872583
403825966,403937560
425786143,425900582
400252737,400367926
418171085,418292916
376711282,376860140
380449532,380585637
388511319,388636428
374460528,374654015
401040122,401175258
420500163,420658094
423450254,423577501
391996056,392147254
419961365,420090882
432815511,432995114
415853744,416284219
382018572,382150647
362170120,362364168
349045000,349263434
306876704,307010635
329884529,330024744
304838065,304988124
327001241,327194994
375146372,375297103
355904645,356077390
433835349,433992533
445775306,445898550
424537220,424904976
485353962,485515918
504376124,504504885
413973691,414087573
392958381,393084847
410796582,410893529
323717423,324030334
306297407,306453935
317233249,317348623
335415607,335582957
413665455,413994274
430169793,430432464
452896588,453172005
484526229,484895271
556018251,556197579
465371368,465558883
506145501,506570994
586257376,586418870
557984032,558337209
464222099,464603047
477412000,477782367
453665673,454006465
358318595,358682589
334538338,334936515
345488975,345857944
375219318,375409797
353706583,354105119
368883104,369084181
401696798,402092119
426286717,426667575
395464873,395819096
429881795,430045298
460506067,460834325
457510968,457711838
422077439,422389034
393383983,393542023
397286288,397622316
367560840,367722605
422891969,423092677
394535868,394652643
424611243,424762149
441846089,441988200
415454733,415589548
345388812,345549498
375618427,375767594
370594341,370795691
349335718,349454944
380144854,380262763
409654844,409825101
398624293,398830894
411188441,411367322
446141279,446256087
444499363,444856821
443332276,443469219
451194786,451384977
426150394,426326697
429146706,429441347
432393971,432714990
448802364,448949039
418746341,418941360
447704547,448051257
407282163,407632051
428201529,428357278
408749347,408866912
435569183,435759348
434273087,434432080
414482476,414764551
437641756,437933517
433916851,434083049
424412443,424567605
434528517,434889389
427821732,428107309
426774780,426952616
445248804,445408078
450887435,451059965
425087312,425236326
448984001,449293321
445744709,446087270
467184731,467370831
438070117,438210528
422998665,423310792
442137499,442479973
419624905,419791394
367426599,367799003
353129632,353484912
373449129,373601681
326943745,327182547
314473419,314786993
335700307,335854408
347911161,348232248
371553477,371892915
397741678,398068459
420090669,420361497
439351354,439697042
451181689,451486987
399560913,399798543
423192323,423346420
436384226,436708970
418384979,418760932
361007464,361225913
376924076,377256468
364282837,364501579
312729012,312934685
340690128,340843497
358162722,358302315
377302877,377493578
410231568,410550114
430951641,431071174
490209554,490586616
504969181,505154187
484867043,485273871
550167920,550554121
568138718,568320628
477949089,478386713
455595945,456053817
481952262,482187523
400065814,400285216
380591681,380991821
404871809,405255685
426223697,428093393
486714313,486896299
517035223,517429123
546226641,546583053
559819375,560014324
616232994,616610308
521299285,521493673
539835359,540135795
596937183,597275689
583766366,584085011
488216265,488503066
511927900,512224213
505579723,505848740
415250002,415451053
414474863,414644978
438190484,438368588
452959846,453132279
460599130,460980838
485475258,485795304
463322283,463482004
470921089,471282429
457889640,458265742
439693299,439837299
449774229,449929803
487892980,488065066
473165509,473367474
473238925,473416985
512912315,513245653
503824493,504182626
476437756,476600286
472414736,472740696
447672940,447970378
425061586,425219460
425086570,425228536
413881202,414368994
385106141,385237272
403292288,403471942
414466194,414810612
391023095,391127422
372337622,372453285
409049952,409343023
381799424,382078355
368325538,368439123
408824107,408983466
424035372,424202031
392066652,392192321
381813309,382105049
393649117,393781701
376966405,377112456
375502810,375681628
358836297,359102777
341596554,341699672
344389210,344563193
332001899,332300358
231417666,231558535
279379099,279508527
294848814,294976549
203208941,203343047
255920013,256031515
313927432,314067529
330259351,330422514
326064108,326363794
389549660,389751661
408562494,408841148
405191181,405316764
402191477,402367489
306394081,306541828
370846577,370965273
370399407,370708639
402770505,402876972
373367502,373514770
421770188,422053001
473618682,473722415
380752820,380951292
414015886,414275151
417062617,417155523
462987162,463114007
447683659,447976962
510710741,510998206
488762383,488864742
527998353,528327110
530609410,530936315
511566859,511724269
513344671,513491913
514056350,514373641
489700511,489883169
523393302,523561162
529825966,530200173
565676265,565877245
510811693,511027435
491832066,492219316
461093373,461309451
405701229,405913475
381215641,381397362
436286310,436667168
442417491,442626015
420772222,420950283
479768646,480146447
462464532,462843065
437488682,437865073
387642222,387850561
388379635,388740655
367323316,367541919
371313877,371477761
368018186,368335071
431018233,431206845
377270953,377481247
377237374,377367675
323324379,323683334
310239095,310645615
289738924,289889628
346345774,346450854
333801474,334196997
396926891,397064505
379941608,380117029
384358832,384491118
359787453,359919428
344671891,344786161
329780039,329895712
353970333,354105381
344017934,344217853
337231335,337335595
370213145,370305036
364460740,364572692
385722656,385853073
376958922,377054274
363206190,363405675
388189480,388326086
379041114,379239735
369064128,369227743
397757644,397902525
384608559,384719950
378700581,379026357
362939542,363231636
345808101,346114393
368609738,368771797
394811473,394976572
378539389,378732732
407587879,407728731
387942690,388300372
386253195,386415646
406778972,407093027
392072780,392386388
419704365,420001534
399765835,400118831
405436859,405579415
398206222,398354781
397225560,397413871
391279467,391686631
438156763,438472919
421985326,422115667
404283921,404553900
455798127,456133502
440618546,440901597
376106215,376316156
379069941,379353782
360257283,360546166
298881673,299153816
286743784,287050544
330443242,330592290
370853457,371045408
383522847,383804319
428179190,428457476
428105041,428274477
421433821,421569706
361138106,361406555
410625804,410954220
407593179,407874347
458659093,458928075
432320294,434334433
485567502,485737738
413509004,413726404
401351362,401748186
345540516,345869425
353250365,353607784
354789464,354910948
384110404,384243411
403180777,403540812
453311294,453448989
459129805,459249734
438250681,438372556
431786341,431911746
446093460,446218710
448126746,448239469
421470509,421752860
431857317,432146296
407981439,408268169
384844979,385128615
362660621,362937131
384691669,385024169
403759722,404033726
408501231,408704995
413812482,414128980
441484249,441704997
410887685,411094051
390438142,390716404
403701283,403998278
372150639,372338787
393212272,393518685
400682608,400961946
426209474,426538314
403279240,403434134
412335985,412675610
393545023,393726147
371145129,371297388
348062657,348283588
371168572,371344888
340709351,340855026
376832850,377170316
392251823,392562609
403782294,404087806
374645730,374812344
390470917,390621984
364041945,364208810
351146202,351429170
331932059,332088361
340150890,340300317
330448568,330632687
340371991,340650934
372954101,373228981
392142623,392267812
368353427,368482312
404862489,404972018
386245172,386363076
358495417,358730450
352868118,352989754
367708246,367848055
343056938,343175779
361414565,361669509
374611470,374909980
412775720,412923784
364166598,364286477
419804009,419937155
414209966,414480670
396603082,396881156
373531359,373653316
406361640,406552847
392441834,392605797
428333117,428606354
401717282,401998949
423710213,423894223
399514986,399635388
375347068,375483950
354300217,354424212
370876821,371153143
358133921,358266585
374209594,374355033
391623423,391792808
411036148,411328343
406042102,406323157
386442252,386610851
372736092,372863716
372837960,373000215
358900352,359019226
385068256,385200966
406340891,406463967
373938155,374061003
401084490,401187862
381487380,381623222
353689461,353817963
355551187,355666410
370981651,371113281
346952725,347099549
362697607,362822586
344162344,344325706
375323362,375429314
372213575,372315204
358968204,359091630
356270592,356514222
364241206,364511742
339653350,339920371
364582186,364845299
375167111,375442538
403132336,403416482
380973321,383145804
374325746,374580468
348283339,348664786
324570018,324903541
307160021,307433190
320756718,321086470
333305201,333555671
320924514,321179979
333196658,333497063
324648023,324813624
328117484,328474080
315825506,316167979
323680655,324026753
331376637,331589940
343999334,344192300
330874119,331081603
346653322,347008475
327224394,327633031
312324918,312662518
299603436,299988122
331812872,332194288
343451093,343644651
356233408,356451306
392953691,393160352
408109330,408295172
398542977,398932231
390795324,390999584
395318467,395786749
386623667,386973535
337745261,338140546
404263414,404641560
442536641,442921743
405502683,405680403
438023989,438213403
428797075,428963312
374607152,375220086
372934349,373323198
409249389,409580601
362516849,363824979
401559659,401913214
446792170,447151279
463078088,463196449
458680693,458824708
501143157,501257413
498383246,498514675
514577845,514710135
521172832,521330415
531612337,531793440
516326111,520463664
575775887,575921526
527733632,527890613
511912198,512052627
443551557,443955236
440375933,440515907
358455411,358662624
328746845,328955622
285058956,285200367
326003184,326142552
299000538,299410360
342230544,342680766
335788983,336020226
367161981,367553024
316436753,316619767
312781175,313201903
269039522,269420302
294743910,294925992
271904619,272101938
295957907,296089790
324230140,324616616
352591443,352771711
326925821,327259094
325961618,333580906
368462013,368661427
409586385,409845481
448200772,448360456
595650339,595789152
644224851,644441953
577908484,578142769
564041758,564177285
499237504,499453397
374342030,374466170
341904749,342229267
369890591,370102124
364273669,364410599
392397416,392526267
360319464,360529005
411464884,411601925
389325610,389658658
355373730,355586721
331673854,331998094
335090981,335507410
332078517,332244646
378901835,379022821
384934125,385139831
437541443,437756888
460737667,460910582
432870188,433069984
423246678,423422167
447281345,447466089
442879777,443062608
496507381,496896101
524574747,524755776
495538433,495746003
553502160,553655981
522092175,522320688
422847730,423005788
447587930,447723009
449577361,449797473
363055754,363412819
371690054,371917316
375353291,375488564
428883828,429013798
452112113,452243335
457015961,457154477
486391486,486557867
448736652,448888544
378324766,378502820
432425901,432596086
398791434,399166927
468697178,468856842
469457675,469747877
478983366,479133526
390215971,390584050
394404588,394723867
310692635,311020606
275376267,275630691
256265504,256627217
259986737,260344069
229638161,229916993
237752997,237930658
262405782,262679448
277252670,277542003
251772528,251916451
280359980,280654801
259254604,259401033
274308720,274425741
246110109,246353518
249908323,250309503
271659543,271828486
270932001,271217776
269072449,269367014
300891920,301189171
269224188,269469275
262834084,263119597
234711582,234957240
224785425,224996611
231261758,231380475
275160410,275432199
268073945,268302848
300215745,300504569
331492845,331643123
327880043,328180019
339771641,339898734
374660767,374828921
398159593,398271775
358334625,358728285
353296984,353507842
347131597,347419229
299700577,299820189
301735952,302017429
292411899,292897317
327039222,327193472
318275068,318475663
312396117,312695430
307019372,307415723
328506430,328617877
297895917,298054429
327231835,327380766
351960939,352100314
390404881,390603152
426765174,427091701
422618332,423806221
365601330,365728310
419056523,419219301
382208420,382342241
322513676,322633612
344146125,344258477
337529487,337916785
287248718,287381477
282481517,282802542
295957992,296105111
337052297,337238739
358866729,359002274
376605188,376773855
402720645,402830788
406992310,407102893
352229255,352362809
389306520,389477052
396521261,396679655
436330467,436478171
431073035,431238460
450869248,451039511
394087567,394444270
392218579,392361408
336285735,336580603
354446689,354585672
364051881,364200799
378040638,378200398
396565958,396713472
413460136,413618221
364037017,364377577
365916861,366059863
370543140,370893903
325764725,325960849
334969232,335331881
361883704,361988890
384827837,385012438
381616079,381767979
407914047,408062388
412957607,413289186
404562877,404884612
360514944,360728449
378090578,378225266
371108314,371266793
392688773,392830245
392351722,392537126
425426380,425555119
377929177,378156806
380003209,380119858
301454206,301664821
317972083,318157516
316346674,316504559
342313456,342446754
328127015,328303643
361945751,362060944
355435750,355584379
361666352,361790624
355331994,355491694
349002799,349179309
333516908,333830590
329697675,330107246
318935959,319092608
318525645,318646394
305518174,305733754
310241601,310378547
369816062,369949233
365735958,365859549
352232986,352422697
414555990,414680744
402526215,402877119
368213303,368593738
356960067,357188281
350859210,350983882
319575419,319747527
315763208,315883846
329423048,329553219
392637370,392759427
378974256,379191981
396832110,396952129
386265912,386642995
360456721,360633604
325978929,326157675
391176638,391351585
370825085,370979927
435436491,435577892
457034254,457159313
477718155,477853252
436168087,436333161
470219650,470351509
441123581,441297308
387894722,388304032
367807886,367973738
383941658,384060715
334356659,334573732
352644679,352795131
388597802,388719450
416734751,416872228
391368070,391533367
427662748,427804359
405376173,405722216
423745717,424092903
375947183,376179248
396460424,396592477
418338292,418504706
443543990,443712289
416697477,416815301
457804984,457950003
406918446,407121223
383842626,383957749
336481053,336887200
316365871,316513466
340534002,340703162
376921397,377035409
359953386,360079880
400260736,400385139
353309051,353412971
399836847,399976953
419669277,419831896
384382598,384518176
469222471,469384951
434699139,435137943
421121701,421266735
394283212,394417206
364647745,364905475
337593859,337707327
397160328,397315710
355373609,355493572
405422734,406282816
474212304,474337657
456964310,457131268
489719490,490073005
457504925,457769029
412940195,413077570
516012081,516383810
473141334,473256183
488729570,488842762
552458993,552580772
518781081,519035202
469945867,470057101
430708950,431153544
401138823,401276192
441858277,442022786
497391467,497534199
481893235,482043677
541781754,541907376
569795322,569934683
522752489,522905921
557085365,557248147
585517134,585649309
618675600,619022158
583309633,583459687
559267773,559424336
508032937,508148142
476574797,476740869
424947430,425075211
408957719,409100358
439133536,439250641
394455705,394629994
400426134,400539458
372269140,372430151
373122466,373278273
342197190,342377853
366182237,366308831
371776387,371969551
397935829,398051515
401386996,401661590
387222854,387336355
356930886,357106321
364835978,365274930
328843651,329146936
330371149,330516559
337259303,337413916
325083502,325185890
329434217,329587691
317250938,317360773
330067468,330222217
335948359,336371185
341780979,342047170
355096983,355401238
360054274,360361163
348058427,348239258
353352766,353497031
362018090,362334420
357300195,357444043
363324042,363775377
334401204,334729649
351573848,351890805
376393787,376529547
357056413,357172366
358024713,358145868
326408663,326545600
311142635,311271335
305580275,305678990
273881151,274005759
289048765,289162781
332833985,332954387
307341168,307478978
298540304,298665737
346871581,347231116
326896043,327220395
321381499,321710827
293886523,294169588
266698832,266983575
253759057,254084462
222367936,222668396
257988433,258337136
308329171,308667011
272938239,273112564
313801747,314160015
282211700,282548450
270766493,271088121
261144325,261520655
307516357,309848193
300480714,300828603
345554198,345913682
312470302,312800388
355868096,356215968
342213584,342388085
311320078,311516104
292804100,293199775
315117429,315329303
308908240,309293445
347256309,347586490
369505964,369725889
404856163,405184940
393542945,393828993
361550186,361886842
356641328,356763594
347354085,347645151
336677480,336845068
345504372,345822134
368449662,368654680
337535185,337663698
349628702,349948114
316048402,316203566
340594811,340712910
335649500,335788118
356612053,356797838
387407877,387551379
407376144,407604546
384261432,384428247
391176624,391480197
383439980,383547583
364466267,364601275
351095723,351224198
368005158,368199807
399654081,399776326
410818483,411128356
431324755,431439381
439793891,440305084
399956364,400116069
379653592,379809764
406125538,406259603
371319813,371469654
395853011,395977606
415646683,415768666
435672256,435815167
410306559,410475140
433431613,433550541
404731093,405021906
468953307,469113894
434265800,434398896
450310922,450432993
514921587,515070869
532575993,532689441
460194020,460322225
484915967,485081621
446032852,446168086
378016078,378125320
332480934,332761422
359068504,359250511
427328885,427483873
446017483,446177357
475130657,475322609
493170292,493285825
448033545,448370306
381414702,381555395
442531542,442714205
398689835,399211787
461890906,462278866
469885020,470258088
499384419,499555402
429283731,429407970
440633599,440812914
368465299,368592527
396354628,396524797
355829466,356341056
380201416,380562264
413454297,413862540
438781555,439139641
392902203,393078898
404329852,406426183
364119227,364691980
323408965,323589026
274874731,275367920
273366151,273718257
305383189,305719380
312839853,312999529
316048416,316380448
323405870,323785772
373407096,373584710
333662679,334032204
356263124,356586912
416103074,416289132
442678008,443024023
404431806,404734265
407607371,407770765
363164555,363480440
330026323,330334552
284450744,284743630
315203629,315381017
369575071,369744616
367470892,367841495
402418710,402811458
400185133,400507605
359456635,359790198
325521126,325683553
375365124,375708556
339501140,339831715
387065629,387423813
396511145,396676234
433649418,433816390
395638070,395985323
409652901,409981573
370587800,370897096
384067340,384430855
349034318,349391008
381656291,382026338
399286466,399636522
430059643,430422359
415597067,415784385
433184717,433334144
393736884,393913188
326354592,326697423
343290275,343620161
331511104,331829677
352936604,353258548
362788667,363151383
363340355,363505705
371014829,371165786
365721801,366072544
357734953,358109827
372628126,372975507
371574564,371930971
386932951,387285766
400264175,400593460
401175578,401512328
390009147,390203342
403594786,403772986
392567546,392941186
393235692,393400982
392351111,392708845
387635356,387994945
393581976,393757047
388891316,389242039
355273998,355613796
373735159,374113454
370760114,371175905
339606020,339780281
334218827,334408982
343771466,343928315
353583116,353734108
365047698,365404534
384027028,384330123
398175513,398522992
457910504,458265039
429000536,429344472
432577343,432962300
496641018,497022137
497744174,497922399
436017937,436196111
454310106,454491946
421721325,422053639
364034718,364406459
323466021,323826006
307655112,307944765
370411597,370778004
383889582,384052388
365319605,365600762
378514569,378633711
404776319,404900141
350755788,350891359
409777268,409908646
440271413,440424627
499684008,499806492
471013032,471310323
454203813,454453881
395284161,395437557
368761089,369071310
308257845,308383419
335432969,335554134
370339196,370448546
348861838,349119257
384377351,384506494
364950196,365419522
365762381,365968767
338707264,338982398
366701947,366826307
374740511,374901689
400367286,400490061
415620800,415753649
449984768,450109817
421328038,421602480
435819638,435942765
407476195,407746904
389123941,389280264
393457354,393655562
424875709,424994971
412791819,412926672
441516442,441629143
427539618,427657533
445115316,445226917
446114252,446297609
427481056,427609649
434461419,434634551
429365002,429489943
417232335,417384933
431330274,431476525
429761197,429915896
443900123,444018639
444495356,444626893
433434734,433546836
415804646,415940590
420694997,420831630
402186545,402348837
419248205,419428204
385801967,385972729
405951636,406078063
428215508,428410107
413010220,413155735
369543863,369913675
374773856,374901824
370443243,370611298
332549686,333040982
326887492,327052767
357383596,357542927
383387884,383552869
383646864,383761281
416729214,416932625
404704773,404831430
421827652,422020500
382031251,382376638
403797197,404163122
417838786,417976882
437079997,437217792
445476571,445632786
482224389,482355574
442044075,442327987
448654736,448786569
405128931,405400663
346672032,346980387
355281271,355446720
385862015,385994650
334527921,334841091
363749404,364101458
366939275,367244883
382104283,382269403
386101930,386259345
391586163,391995467
396041320,396334543
420947306,421101390
371900237,372223643
382176235,382375520
410204767,410350135
421027554,421190971
411240509,411397275
407466787,407938857
361782147,362106664
355165638,355484518
296513711,296824283
278492280,278786842
308361384,308690615
313131515,313435241
303493824,303653030
303503297,303778416
333437363,333839808
327788057,327957902
351244067,351421950
386864858,387039262
411419352,411597045
398909597,399033652
392536363,392693198
381246214,381425521
376225672,376424426
364130777,364293239
359174561,359485831
392745162,392932101
375928240,376071910
375207145,375370236
358467826,358635221
356526281,356647797
352491955,352632399
382973959,383155973
386437853,386630579
413679262,413848679
423178251,423532378
422571751,422745602
412627647,412827590
427051128,427227908
418985760,419132281
399522048,399871686
403139169,403324756
398300357,398487675
383697503,383869633
377423706,377586228
353870783,354099450
367184097,367368235
367728420,367912495
348314322,348730134
347560391,347752185
331509012,331928976
320174040,320361402
328866591,329010331
317501286,317907820
326146654,326479150
372368382,372527208
353376656,353613778
335405920,335584298
386248953,386633815
366617203,366784288
376412854,376774727
366286563,366634833
345088795,345346249
355608083,355988775
331902144,332129231
298072554,298416312
349499494,349672966
334360972,334554403
306996208,307373142
290257547,290455179
293783201,293911516
310121877,310319784
357133869,357312328
368369561,368560988
415070171,415458640
427712937,428090446
396329071,396501669
405593167,405763152
421022910,421379276
427674867,427857243
409132086,409491548
419363312,419540587
387288865,387483349
377304438,377458596
346273259,346438821
346742914,347093409
362913128,363132241
360245307,360413429
374191218,374542577
377104587,377265299
388624321,388988687
378673935,378841709
392063254,392224657
407034405,407227302
418287897,418445148
418946610,419313955
424953161,425124852
410346771,410541442
410072932,410437954
394705872,394880134
401459491,401836936
416316840,416496198
412338421,412500092
428811625,428983241
421320877,421473400
395125457,395413053
399050551,399215992
410070577,410235054
376568768,376920169
386272593,386434917
404812664,405138918
415835769,416016677
417233120,417399139
437263225,437430027
424161553,424342068
441410465,441751277
412934251,413101933
420408927,420578331
430301424,430453505
423629263,423828401
433974443,434340052
453111834,453278209
420581319,420732023
421627999,421813220
378604047,378757448
347592231,347973145
359091620,359268070
374868946,375034327
339495696,339902804
355265038,355412568
354471844,354847034
357682144,357895435
364325401,364472326
367418284,367796399
371792518,372135052
418396641,418559382
382834427,383035904
380255251,380586849
431318943,431704985
428641518,429011535
402642918,402804397
409534685,409733859
372062422,372267780
351615036,351996228
313983124,314350670
286021284,286295446
333521900,333904697
339065725,339443849
315089438,315353055
314737664,314927557
332660263,332851118
312527210,312652209
364142065,364316850
374033994,374158799
435236216,435431338
419846763,420045201
396589411,396886142
371629658,371802063
362280859,362436143
334920129,335108898
258823154,259136371
346607211,346728697
320251193,320526988
242654649,242972378
282046499,282538822
308943196,309295089
301448087,301609246
318767485,318949291
345647008,345840060
368899260,369076434
360604771,360768001
278561306,278897292
335005636,335172173
323230875,323599406
314639820,314998544
307518778,307760168
337196925,337351689
268219759,268724864
329336485,329519011
255369587,255685413
333059564,333411882
320181144,320375331
349374291,349543726
371404909,371741424
403498670,403658651
390889532,391037318
384895205,385268026
373751862,374073701
358429054,358758017
352223756,352376944
330351861,330666723
345505381,345626491
345810135,346008720
325187203,326452930
328240649,328625845
365515208,365907927
350367202,350711433
368293411,368647120
408530951,408861381
433626609,433775485
409133940,409297422
385251458,385772447
371933187,372257246
347404865,347739242
336589976,336935500
340643840,341017987
378853802,379215738
363024655,363334774
367320878,367654973
350292653,350813749
346767627,346939783
320317843,320673809
360812252,361170157
361822775,362143453
406296365,406660156
406463668,406815878
407224901,407420627
385563178,385746730
386194729,386381581
367191860,367361817
365457174,365629710
361851957,362204631
363284451,363645699
365049096,365398258
360494625,360822290
397491451,397845007
395052505,395222892
395060519,395225482
421054846,421238276
425588368,425911408
365965827,366283732
364451870,364774204
366353242,366688573
310933680,311298975
315259417,315581395
338621472,338826568
361134241,361305867
361796096,361929245
386128375,386481757
389624935,389921004
394320551,394683170
327773960,328059058
365076647,365372097
374009965,374312697
404966008,405134357
378988118,379272644
402440290,402828453
345644785,345926406
318705790,318996444
265221222,265549045
303141605,303272768
308656096,308781522
335814280,336026572
361708552,361844043
407026074,407253203
401783686,401937974
369558102,369856417
379640164,379817041
376164600,376300512
386900695,387220187
378429509,378563002
415499422,415637743
392387583,392695042
388137023,388268056
366165067,366701486
351860332,352212516
344439966,344589795
385212286,385388251
374499945,374666404
413699522,414039674
407775646,408113967
400228111,400350215
396575329,396738178
387351074,387482829
388037093,388384335
375940779,376223160
359142266,359323624
355500103,355619797
344406317,344716528
343390623,343525470
368915576,369017604
359079778,359205973
346283822,346446707
376075023,376196569
368980349,369136166
364049101,364214542
350731903,351040767
343894489,344016268
342312894,342495435
338240568,338364715
360339748,360472996
387611437,387742955
380755147,381085902
403718939,403851292
398553519,399059257
365565008,365707050
359159648,359310249
389839688,389963141
361960983,362107698
396209213,396352051
401711262,401916545
422415972,422537267
420317230,420465046
424116350,424313938
422836837,423157959
375908425,376281865
347148940,347313708
370515379,370637623
331488886,331694730
362288771,362424706
393959120,394153732
395339034,395553357
363943777,364095094
400261022,400457284
373648167,374005499
392091227,392435229
347826336,348012446
353401663,353608698
375486451,375649888
383478129,383858631
324723223,324912454
339508504,339679679
317269278,317473964
275909114,276097139
238726785,239087616
248727610,248932441
261272374,261389865
306981129,307111042
306897169,307086280
346551931,346662381
378947431,379068350
319515398,319844418
342457734,342562664
376475716,376763615
403280815,403631054
398538339,398724648
412666429,412872033
356222512,356600777
354274353,354419682
300863241,301046376
270435381,270727870
295667129,295989141
314764855,315161868
286294002,286657037
304787899,305196466
330337670,330674732
316932950,317243896
359155819,359515214
387523792,387868983
425236662,425398633
421024395,421133346
389713868,390037345
372776115,373079769
385527458,385669061
387384685,387544300
379475341,379837507
403165065,403528687
376069477,376386163
373752944,374120299
352133195,352281559
352808307,353194936
349225980,349397568
375903084,376271734
376692045,376870328
407845942,408225469
420851864,421212008
412120036,412480887
409602381,409979211
427006775,427175113
427104137,427265211
411916336,412025425
412442526,412778271
406580946,406897802
393408084,393566289
393529137,393841685
372384654,372584458
386997774,387378839
389924459,390258342
370603384,370812397
377304769,377465278
388777541,388890330
371775991,371881907
387936775,388289410
404528186,404674719
428399644,428753740
409011810,409308018
393898568,394082687
381715585,381829869
369003801,369282458
359028191,359138959
368368560,368506958
384074400,384210066
368368976,368567371
381216156,381337754
368067134,368289732
380348169,380658066
366367552,366647483
380201051,380321098
394362426,394492560
413950733,414075265
396917388,397034406
406549668,406694844
399798106,400105375
383955121,384079147
376736298,377022474
333795653,333972627
345227914,345423039
358354389,358469881
321095241,321417241
337985085,338117371
375554218,375710234
353607574,353727252
365050206,365195396
401720671,401845461
417077791,417458080
426362443,426544754
386249847,386473283
370343238,370469755
387519180,387702465
377764993,377883802
365669950,365807607
399009040,399135636
361033833,361375138
348334679,348434283
304315597,304524246
296274023,296460084
312073302,312220879
347359056,347466779
327195830,327334228
373977445,374082132
381821966,381978180
366921790,367016688
383656361,383922758
392199903,392308215
415863155,416135487
386774793,387193848
368568752,368722609
362433463,362535146
337142297,337418244
329988020,330089964
336990336,337112246
345329098,345439215
332608783,332932172
339276961,339356981
336762345,336925838
356928904,357175297
329719966,329995810
342931903,343032151
363274546,363372734
326868395,326959507
381357130,381449908
387691957,387823810
365269432,365583672
371728103,371820639
350390734,350671969
346995427,347100185
363434931,363566178
374192717,374283412
373382760,373480206
388301205,388383839
404745661,404856817
408478472,408610887
432172672,432317987
450850444,450962532
475681174,475830974
441092678,441287402
436728783,436881297
442226914,442350509
408339671,408461443
416418272,416543937
426876778,427006130
441292276,441416243
440387101,440538682
449602039,449723734
456525529,456820752
439749131,439930222
404211849,404379219
421535284,421658873
407862741,407972885
428247985,428357033
425259279,425558779
442770561,442893695
411268154,411376456
407415353,407685183
376270551,376386574
391321155,391413000
373855050,373992642
383997473,384080175
408583376,408686097
429378459,429494531
381897524,382027782
378898015,379217720
369665255,369783646
324498047,324661020
317003482,317144091
321411210,321514160
337254193,337364557
344549048,344833190
346286889,346404467
352248729,352521301
371465162,371585530
323289228,323416801
345871910,345964013
370213971,370334180
398450611,398532166
408866515,408986479
413441422,413564888
369055781,369173176
378984293,379126078
336547861,336660990
324570816,324755232
341996416,342162030
349602319,349694421
338671202,338806529
349038515,349141678
322213014,322561224
331137481,331291190
352925355,353075606
327184277,327360872
350871315,351017210
368726380,368858686
359408944,359568434
370863154,370997044
395949368,396059443
410913249,411031003
398088574,398246901
368881401,369083100
360706741,360864479
349546640,349717734
340171572,340314828
356525044,356693662
378752928,378897862
353729278,354075244
367453496,367611136
346077226,346463125
327042355,327323264
313272797,313589049
339318783,339623488
320616047,320757419
348852558,349013809
375231105,375407724
384743249,384887119
377217703,377515055
407651587,407971759
401623401,401943107
351810917,352159097
353872954,354005150
369767427,369877567
329377222,329705905
347756242,347867550
328694869,328892500
354009098,354136514
336258850,336361634
335549101,335729201
322512501,322600667
310572523,310751833
279446500,279619242
309323272,309511061
311830330,312013654
345166761,345309214
383425400,383565329
381388762,381581097
341328331,341489738
385373949,385514621
349263639,349412684
340411723,340763941
340431038,340585879
341149303,341524881
334471052,334644248
333107716,333500857
295031539,295373222
336471811,336635188
337942534,338294208
299405007,299558436
306359763,306508866
332567678,332723312
321877532,322220214
365762025,366084333
393271188,393616990
442558122,442902004
463487614,463657351
430801534,430994854
423626100,424006183
457915263,458111814
452646016,452832265
391594605,391791556
414238216,414578647
376500728,376882673
317104825,317296086
282073660,282396906
288300938,288617799
337628199,337788987
366053693,366394472
390497464,390686142
422080937,422272440
417003980,417184896
340356594,340549048
389911262,390089243
388123163,388271483
426448749,426738869
415888541,416171828
433466175,433759793
374320817,374623266
365964647,366099798
309629617,309797504
342361825,342622187
338416966,338533234
364715641,365013783
401903725,402018606
430864661,431140515
435858941,436114495
422937767,423264742
422598396,422886467
426545386,426870679
427004741,427160934
401304445,401575998
431201246,431495960
422696983,422962264
397821098,398086795
393608608,393880956
406216874,406471345
408279885,408529045
446146571,446502451
465484258,465813241
503933233,504246840
478833725,479094998
450152937,450410231
454515825,454786265
430697602,430979451
437824167,438081319
412563881,412818820
427735973,428017302
403794017,404068786
380664919,380945336
363595926,363918878
399018579,399281471
371822477,372104454
389817059,390106060
424238154,424506561
443970782,444332786
434692419,435001011
408637640,408989671
385678368,385979605
378546129,378902388
358295227,358648693
349839144,350170972
382853869,383177121
359707460,360078268
352929613,353290337
332519002,332900884
390946143,391268791
384412276,384725611
422425732,422720262
483723005,484039852
528422507,528702440
480826554,481092680
471340929,471637301
461508090,461761107
413726078,413988147
407823728,408089134
407972882,408243394
466052912,466336782
463505012,463641530
468974043,469258267
469165134,469492379
367677977,367953713
386163911,386446483
448709037,448982940
352386719,352692396
482528157,482888330
490945478,491244443
500478272,500851596
456527252,456671892
470727273,471032436
428594985,428922274
433345159,433679782
333485495,333734928
403509610,403738920
412376185,412724572
423436772,423785322
413297729,413562258
430142250,430458429
330419541,330769262
398258777,398595544
298126706,298419200
352800786,353105931
367021303,367297758
377095072,377358869
369481765,369800742
385532140,385808424
376433963,376723188
378440064,378755288
386338622,386606826
383822358,384121952
397558725,397855556
375872391,376157325
367973924,368087587
364712680,364827931
349225241,350338876
352638822,352798661
362855952,363209392
363254097,363361476
350956387,351065335
369056018,369410786
365084663,365238641
389976818,390153283
377107250,377451197
371637352,371738954
401941966,402079804
400901655,400991467
387973047,388062364
406795836,407088445
389810387,390115824
385924365,386219314
373572213,373957510
371624936,371864218
400015273,400129260
414222678,414389815
422379059,422508634
442572007,442860682
411762150,411884870
410469982,410549960
434652170,434771942
409022367,409177950
438951226,439236078
430031370,430292212
435553287,435796350
428533121,428635671
419266290,419531612
425097448,425195120
454153150,454272635
431554215,431651490
434826665,434933944
436768726,436874546
483947063,484072941
474664716,474781389
474642569,474900346
442423910,442573255
438207842,438340692
411576606,411681032
366758648,366877793
403708225,403835563
396895454,397161252
358004575,358126365
355051508,355465437
382169188,382437756
377538821,377677341
412183567,412313095
449083595,449270904
488636369,488769863
484105852,484232160
447558366,447680320
438098087,438257757
438104027,438211921
434319214,434681168
404908011,405274321
443560608,443716183
400650963,400784234
381272922,381447326
344666807,344825029
346392955,346532250
342403013,342512044
372483225,372619774
384300971,384434516
416926049,417060399
390692996,390977473
372813022,372968013
367305101,367439335
346004128,346300115
347161996,347308956
392319155,392470231
403795431,403903914
380395683,380513677
433126924,433250096
412911530,413037557
371567179,371889164
353294418,353552648
356484346,356585135
321870145,322140297
332313785,332417974
308753266,308901011
365186778,365297999
346023963,346301799
330979708,331134979
316458516,316750666
354911845,365081605
319917744,320201560
370071506,370181845
418206129,418306830
471856265,471958962
429470901,429587496
420004532,420134003
379451299,379733138
352215636,352351474
316750115,317062586
322839309,322937993
367531219,367681240
347275023,347616658
353161113,353447521
346058202,346470775
321982295,322156228
294740680,294876444
335014049,335147585
309985741,310314922
355844770,355984243
369150805,369273966
383897203,384021439
353679605,353959391
376009551,376247228
350509523,350784062
341012938,341123547
326304024,326582093
335030969,335262809
344902892,345036168
358950679,359085062
356620149,356782867
380641345,380891197
352265091,352443117
358115810,358296755
332140281,332506712
295649685,295961372
306095573,306337295
324033910,324297639
248577838,248698900
298446112,298598267
351831319,351970243
366475055,366590034
372084123,372231190
385154802,385329639
355704613,355864695
407288146,407620975
376272405,376569591
376846388,377206524
386417155,386553673
386419550,386594797
379469213,379744226
430679973,430988752
395226813,395428854
367622041,367781277
356437432,356627898
379465025,379810830
353062111,353397771
400139160,400449104
457943103,458132007
417127438,417319455
410439995,410751653
433205801,433371295
401572365,401734543
380901330,381058606
405095719,405214108
372610610,372874381
365016616,365271537
383410211,383676467
410312662,410444658
374745434,375002591
409257100,409359030
375358767,375500802
368830776,368986805
368704587,368815683
410218367,410530878
382445906,382725220
414414770,414526202
378395600,378525498
348098822,348205191
298582520,298724223
346667959,346813740
317084907,317347179
345082347,345205699
382624497,382745233
478681822,478857885
436817039,436953890
482540373,482653452
449785503,450046126
423412963,423847340
354215769,354367894
456184963,456316534
411166318,411296650
456672593,456846287
510398514,510521663
520810487,520976320
461373063,461505293
562075514,562186187
514425522,514680043
474699590,474811546
411942079,412065759
427017387,427164713
363819344,364115408
461412253,461528618
568747330,568924079
599872596,600022649
546766369,546931079
562300500,562409774
498133487,498450834
438462112,438610280
439850562,439999323
