85726656,85949108
144081162,144267960
168222646,168379309
168397798,170268035
186506085,186826160
271263673,271435974
253647421,253941886
322333844,322493128
338087311,338574434
346176102,346362281
349372776,350727350
382150417,382329912
380109778,380285175
390024978,390197503
384346926,384831662
400288116,400462630
412210170,412372037
394684925,395196256
443968286,444146546
471589161,471766002
449291284,449458066
445034839,445207538
448023484,448186492
383450607,383910658
398859692,399030671
401036015,401217871
393987209,394167158
408330031,408506111
413040241,413263448
400329097,400801265
411041161,411540746
425368471,425533790
403790004,403961423
422014385,422189843
436870519,437352924
408023506,408487764
432680038,433161498
434512509,434976803
418267484,418726056
444253158,444488484
466328428,466507854
449905053,450087683
467101116,467267674
474888119,475056737
451899498,452067059
412570525,413010051
423683477,424101417
393107334,393275183
409773481,409949875
442260451,442515737
433941726,434166307
457547226,457717265
473106960,473281819
445891197,446068701
421536657,421975127
437861552,438323940
422891794,423081614
388063326,388266123
409866952,410043588
412181153,412380448
392715294,392946101
415864881,416315215
406256496,406477072
371321446,371481291
406340929,406525213
398067254,398234411
468841189,469005524
489843608,490002080
488626718,488844878
481791302,481961821
478202997,478485119
388152842,388370378
363429803,363600003
389365615,389540617
395513235,395683014
379146569,379373892
409123780,409293641
401084972,401526151
380418744,380603847
391301725,391550678
409498150,409664427
402337907,402562827
400192290,400657706
395373747,395827969
389144097,389580109
348769929,349098087
350473320,350635382
331788198,332012139
336119965,336597831
366890147,367085815
367406676,367662622
382431178,382632278
402026381,402195779
388514772,388770214
359106288,359433771
364541801,364699910
353947801,354123216
313591709,313879260
337465859,337631228
347658577,347879923
335274077,335435448
363715997,363883595
363744441,363978796
328192183,328743463
344872329,345104378
375623868,375833900
344813745,345120399
349284169,349445859
356542374,356766754
353573448,353723808
336745528,336903675
347947011,348171093
333633030,333788790
342868200,343027644
378190266,378364280
337411525,337654031
354117507,354311476
376700814,377183423
365711308,365883985
367420568,367584188
380181155,380332377
377044605,377212656
370638109,370798466
396249734,396396458
361551274,361989393
376515713,376687889
407133851,407333342
364295021,364728607
360279875,360420766
383812083,383996216
375721712,375884613
377332528,377746107
391036990,391449674
354477537,354935630
375336942,375729735
358515117,358712772
328032846,328237210
336806189,337223732
353914960,354281308
357731490,358125515
357485652,357859317
382406639,382840280
373703897,373932234
387820227,388217742
383227166,383654026
353203826,353408600
372994191,373196091
355037340,355233581
351394259,351816924
360094248,360245222
387682948,388166746
390237099,390645232
389793887,389984394
380683821,381121824
358121621,358537843
363150916,363376850
359698143,359886877
327777276,327970315
328813459,329203890
363794227,364217626
348333780,348749478
358572189,358981616
380995408,381420618
353290576,353715849
361703141,362150821
388968317,389202474
363334478,363525946
368259103,368439600
396816520,397230546
394890599,395272823
362615212,362978409
391749992,392175329
392532336,392756365
397637347,397831752
433015160,433177749
423628954,423792193
433106413,433307570
442722148,442885523
433156792,433326015
412122002,412276096
393884696,394118958
396940700,397114347
363825529,363988839
391034609,391188484
390690847,390848485
375137400,375584852
404943404,405096934
395323951,395780667
368238410,368394179
357162697,357411756
381268209,381432112
359194211,359360509
330526524,330757226
329685553,329848658
328268678,328702108
319909862,320080119
319698385,319865146
307889069,308302748
289181212,289452297
324871608,325236476
328244825,328733119
316622190,317134730
338991888,339191003
326741877,327164660
335166499,335562554
340548882,340711441
338575743,339002250
331154704,331305551
358578315,358755011
375207019,375362677
355329147,355487355
388304164,388448440
391614807,391807180
386708739,386839626
399992388,400418779
374837546,374974028
367861105,368010673
382289708,382465780
389921037,390081805
382339778,382737781
389870663,390264613
404410234,404821285
384419969,384801032
393796013,394264935
380002528,380430259
376072102,376493028
391387966,391800058
354684057,355056875
349453233,349826681
369471043,369887811
387784470,388233320
378755098,379116794
386622339,386968942
366367420,366722846
373725870,374124542
346001854,346461257
331435337,331794712
326735929,327163314
338191864,338624107
367771951,368203723
362018362,362220431
379443913,379860210
397763072,398203907
398642892,399042953
382123199,382542661
446189184,446617015
453711819,454166501
426869836,427074340
448574393,448988377
454740281,455154458
390699574,390883068
423953563,424147966
425646711,425852280
401932789,402097280
477880147,478032224
475786100,475940568
458196771,458678957
511208300,511371995
512989128,513401844
468381400,468542972
445112848,445263985
451961276,452117482
388795916,388943884
456217813,456382367
464655853,464805498
448977487,449168005
520654430,520861666
525237998,525405635
464506846,464677524
455382210,455807577
466189788,466619893
414724619,415132383
391526290,391940147
399943289,400394124
386887312,387296619
409683080,409883199
422362837,422766864
406734695,407007666
388196034,388595470
410164006,410598723
389014153,389437462
400833918,400994737
406509734,406680778
402014578,402184837
425923341,426080961
388373860,388802891
359216899,359628944
371325083,371481941
385371996,385812834
373808496,373975674
411832173,412021623
434298894,434467620
411045930,411210565
427955408,428117802
403145852,403550998
377168712,377524504
401410038,401555961
363655084,364078064
344086189,344235057
385991313,386218023
359527013,359933074
349067460,349456438
381300159,381715451
357822965,358002437
348322967,348648750
355301400,355517029
325332282,325501906
302939606,303251691
328732793,328869281
313993630,314154364
320338405,320510793
362577391,362728197
331329175,331543263
323515088,324049667
341908642,342123138
324754146,324959963
314420300,314955848
320856867,321087680
296987676,297147079
314518895,314682453
337518473,337685671
319891097,320053805
327758138,327931574
350026592,350228077
361149489,361602443
363758456,363969754
380383536,380591659
357032699,357424048
361199481,361586246
380569285,380721259
353441999,353577829
373187774,373364178
397095401,397254774
384757905,384956059
401919795,402081147
385424454,385641138
374304132,374494046
372171537,372358129
399562797,399714178
380963826,381100903
398248934,398398234
432315093,432465510
400572932,400708448
412363153,412521029
407273452,407669699
368545148,368875414
379522687,379669481
364305691,364534161
344211315,344432412
375979612,376155355
389251393,389404801
375884333,376047492
394320903,394461112
372770829,373228104
355376766,355958557
380506962,380706955
373994748,374379185
334189907,334508995
355942386,356099579
380201664,380355914
329582805,338035463
397914079,398084252
410888430,411043319
378586818,378938196
418490547,418630509
438266278,438448907
398589914,398924905
420240726,420406165
447960637,448114000
403863293,404234367
387733401,387919236
393900918,394113278
343450234,343740580
359610477,359760472
400138422,400273952
403667822,403811811
438024692,438154604
463552253,463698192
415201418,415506496
409743858,409892729
410725012,411112462
366978801,367507300
350899908,351142231
379978628,380130926
401426319,401846085
360739433,361131669
396374629,396523086
405568479,405727126
392154696,392341010
403953207,404361190
415104311,415301003
408114010,408519236
408718090,408908770
420382409,420595028
391496838,392014997
392998999,393409335
412162625,412324737
370484924,370636638
374910327,375091259
419699701,419872880
416337765,416499341
426485852,426642514
438325791,438486122
402271220,402420312
392684631,393136652
388994040,391649912
361959112,362330986
362665592,362821095
377841044,378010200
383862288,384017901
339159071,339599395
360768787,361187195
355579662,355946660
365538287,365687565
377616149,377757172
415646554,415785866
427834263,428022590
427834171,427974071
423154320,423289392
391215881,391606157
389089983,389252638
394578328,394715583
351151612,351582017
356142043,356515846
405534489,405888042
364040417,364416220
380719467,381059729
419321531,419750633
381733418,382144200
390205289,390623688
374381602,374688027
356054982,356452584
352568152,352985541
394759674,395139248
368653980,369004850
449307005,449708080
500496048,500903156
463670431,464009763
465694757,466135801
473896461,474436294
390672934,390834793
399189628,399606369
397276767,397586678
363754305,363888702
455286791,455440813
398820616,398980619
416446280,416607939
495264974,495414335
500409206,501015673
428265115,428441637
454701263,454887125
462969756,463514072
381828722,381999630
461855829,462014578
459357076,459499086
431972530,432115352
520967298,521119700
504966909,505113601
427013946,427463807
463967534,464158763
456459271,456869748
384880944,385265373
411226701,411411816
399348294,399487953
384598449,384748762
420736045,420892432
447969476,448116778
420946912,421095845
451690573,451846620
447023801,447223666
414758406,414885485
418207869,418352989
411166218,411535181
388046856,388179317
406350980,406498174
392444916,392601916
379147454,379493893
384622139,384988372
384163167,384525056
387452717,387793060
409732575,410138773
419305727,419656017
409085376,409436647
418856679,419225065
421328335,421694769
414176941,414551043
428610602,428965152
422153007,422488523
416706494,417062393
457342180,457723400
341237043,341622685
407383534,407768511
434613985,434967184
432109424,432477822
437448927,437828728
465029422,465432073
460249266,460588058
454047700,454429665
485278123,485684600
384033460,384381528
429666316,430005198
461727679,462158268
343010526,343211747
415938858,416351490
443042805,443441870
509201694,509598016
511016751,511437071
533209633,533596225
430288779,430663196
470974331,471335725
391454679,391791345
287519842,287884275
326811525,327045100
361295954,361446017
417969856,418126564
431802812,431937055
441346242,441739665
522121924,522549672
511084685,511474147
429769355,430267977
421586016,421768058
403593425,403964630
315164376,315516398
383250714,383477160
391969694,392111157
417667953,417826279
488073272,488228962
501410518,501571311
430670791,431243980
423732334,423910394
387491403,387936039
307889070,308229316
295250220,295686454
318001386,318164149
338707892,338868825
347433652,347625317
362795240,362941714
385018261,385177419
384093632,384492325
338216128,338651735
344813109,344956870
337465521,337651395
288891447,289346380
325501916,325682064
327213743,327374792
355514763,355665713
383235284,383381314
383015393,383230352
346298943,346738156
343290764,343435754
359492254,359654608
317157861,317388320
314062985,314215601
325343135,326007884
336977986,337377227
344985478,345428546
350737022,351097318
371545625,371963611
378722294,379401810
386816606,387294159
366237212,366554683
368248172,368414398
373842136,374255894
404504560,404932005
395062620,395481463
405010089,405414140
432545802,432945813
420303795,420705998
438639139,439066615
412841672,413381407
430719470,430959034
442741653,442919564
413239378,413545838
414660223,415072154
414219802,414610972
419611661,420026069
413956277,414376046
412234024,412627853
397350222,397843781
405777542,406176650
400783805,400968232
366807118,367168626
385837005,386045340
398638713,398770276
396017789,396414328
400476527,400872135
404481631,404623538
399971295,400169325
420065162,420486667
405683946,406087395
443477430,443676734
456917145,457111616
438412142,438639289
443059070,443205792
440980299,441391137
403757103,404051612
402584279,402736502
397091811,397295376
393681588,394068905
422489460,422869109
458151530,458345831
449953952,450123909
477035122,477254458
483971027,484117307
438426582,438935075
389891353,390225023
390238392,390380949
343513682,343816975
369004310,369421775
407872473,408274291
434585302,434972163
467740363,467914173
495008866,495192783
462379849,462927985
406122795,406627178
439141194,439313546
406532960,406793592
347729855,348022785
392391280,392551861
407654030,407811731
426906517,427043009
449904382,450060149
457412404,457555909
413193167,413507812
438470345,438671484
470086039,470243597
416361918,416897704
441272654,441440572
464567705,464929574
476028788,476414616
420443003,420564031
438071648,438422932
445624945,445814778
482067758,482237996
505007339,505470396
506279642,506435158
535407726,535599541
575849546,576002080
603476141,603619442
538196998,538329758
513796187,514027392
525130090,525277987
430874134,431019705
465210243,465414887
458691315,458821657
512696455,512847189
542944380,543089044
533379211,533744875
477220136,477578742
446337862,446765605
494827643,495010163
445459759,445827395
412009503,412256170
416087497,416568152
461342584,461727171
403903439,404281696
400969124,401257233
444512022,444887760
424858724,425288826
475729868,476124191
454531179,454698893
426898260,427317005
475775154,475975700
530760592,531207712
465768471,466150008
452494088,452925192
502093328,502485614
434669640,434857681
495692659,496084398
464686089,465061269
492508103,492931723
546908857,547320306
513814710,513999584
459406257,459821102
439146085,439518824
450170374,450308426
386949681,387108638
366598429,366966806
346061484,346435452
361698930,362038651
352002129,352408649
338776416,338945075
353134063,353286983
345671124,346077215
331976106,332129860
361547127,361758101
335298892,335504053
336409629,336546208
361984749,362162729
342645062,343037940
335903493,336064585
355898158,356276420
315486045,315867914
348010251,348412747
352071516,352430832
391528208,391934930
398327440,398504654
399634645,400076734
392737732,393097934
375826155,376186363
360894193,361314092
346642681,346991229
328259226,328620258
341730851,342124727
373455598,373849863
397164974,397342287
404058606,404423751
433925322,434326240
428324669,428727268
430422248,430632848
572670655,572830454
633493040,633667919
695593890,695742597
733561678,733712414
724646267,724795274
595776858,595932793
557601096,557807514
488876596,489031094
472180073,472324519
482474887,482630133
472310043,472479287
452037516,452174623
456731847,456883544
483031407,483178573
463306550,463472043
477549753,477707745
497368542,497570915
477792135,477937445
498481374,498642065
478408184,478557273
462974983,463138327
477112105,477271125
456699664,456848595
407423863,407568864
448300835,448450866
473337486,473749541
459413935,459881965
456894906,457293531
449267349,449665018
427718050,428111774
425220169,425624093
411511479,411896895
389588326,389980186
398811868,399232442
416269658,416667554
389226581,389560030
392152668,392561120
406377693,406840240
395983375,396363549
383610316,384003590
408412123,408807252
396334226,396730629
381800713,382205490
410198067,410597508
371329218,371843529
371564853,371753003
392662034,393064518
356364935,356681591
355322465,355701458
372383519,372581753
403559885,403964092
395100513,395494191
412648914,413019693
390235104,390792300
378413931,378782629
336777827,337108527
304680613,305005934
290702253,290876573
318746452,318909278
341896050,342045776
427257334,427468491
498689921,498847478
519342878,519490417
518366748,518513677
468401689,468728491
408938269,409075016
355642461,355779375
303087375,303429054
333094292,333237222
368655622,368815675
408462302,408620031
431758510,432209401
457115417,457503824
427934343,428486927
403618049,403795894
368100645,368461908
322240275,322778453
294327591,294499265
343163524,343672524
375280255,375669248
387060758,387412814
426486928,426884840
457547399,457793470
429891408,430238146
400548927,400738697
370153276,370381982
350158874,350545210
305167947,305355665
340091988,340250612
347037618,347410261
381534143,381918353
415229200,415663366
415260331,415457236
382658657,383008655
334195037,334403895
352613237,352855500
314336698,314692639
272715833,272925870
286937868,287101963
312899138,313301914
330133168,330517308
346406797,346804859
371062512,371450491
342236496,342638270
343992878,344184807
324270796,324479099
289191711,289619730
289675301,289869996
328075242,328511461
344928349,345326218
353933377,354084895
387276534,387710392
404231146,404434132
417804392,418220904
388997389,389193640
393845704,394033248
399630690,400017816
370419293,370620894
398206784,398349875
397366986,397558934
470494305,470650567
492502595,492895257
489632790,489803380
476514357,476904656
469301538,469468002
468413610,468609949
444369463,444758497
437706815,437897420
448968450,449116811
509469664,509686834
462196016,462341431
464157288,464506934
525721764,525918551
530742817,531104790
518246340,518419823
494150656,494624372
493168323,493547868
476219410,476400319
545474938,545914761
492809847,492970553
552666624,552815582
614984731,615391036
557654887,557861328
559765811,560139143
523392951,534136322
526588661,527000987
522418648,522844183
484296612,484617803
441268162,441412670
482399353,482574845
482612885,482769659
432590658,432738237
481772896,481929658
457976045,458505578
447738300,447942458
421630656,422006362
388398612,388883729
375578474,375802186
437387661,437545146
423342854,423724689
463463635,463617100
519820428,519979722
504146079,504339870
504688136,505120317
470664572,470851133
455346189,455540323
448709009,449116271
412458668,412698187
407496526,407648236
439357761,439511595
437903033,438073842
426594738,426758445
456097791,456264654
433487180,433890211
409930462,410110722
416087243,416283992
389231892,389608115
363497378,363681338
405477839,405680447
396965562,397381030
425591331,426003974
461439131,461591952
450664568,450880366
438347089,438734087
435932150,436106980
427408417,427608542
408098674,408507141
403354561,403554428
407645020,408027876
426747224,427203573
433229324,433633432
427854264,428244739
445164553,445369953
453947083,454310414
436532361,436718836
433010368,433194365
436628337,437026164
419143234,419331470
449031664,449431533
447187857,447666683
464669597,465084736
487544052,487938263
482286172,482468975
473300729,473701380
462710420,462913463
444757864,444961407
434868253,435252211
422337091,422541761
437089400,437248045
445014583,445233789
476587785,476742398
480400835,480556077
487288721,487451675
481281869,481438518
457292577,457432153
458426486,458576387
450065752,450235455
424769260,424923163
447176903,447331283
469783473,470021079
464736566,464892959
476995984,477406993
497923387,498343361
484940503,485344150
477107367,477542756
475649660,475897495
455558189,455731260
445282734,445429565
478192195,478349296
463360046,463556513
469262188,469433174
497146548,497294842
479666935,479827792
480499076,480649392
453456631,453681174
499321232,499719763
492176976,492325362
449650516,449871191
460125115,462503735
475934851,476138408
421858620,422077784
410767887,410913528
422255747,422407256
409164597,409575221
467111748,467265333
480659584,480811011
459146840,459354596
493043477,493193653
514213690,514366814
430564170,430837896
425735306,425881994
443728717,443908216
379672759,379899893
425715434,425868049
430794801,431135220
408329925,408711177
448544418,448743550
451370490,451737726
401604521,402013004
388867224,389040717
430889919,431327337
374263397,374679399
360097878,360276069
374962252,375344065
345705760,346153204
320800135,321140363
329678010,329823743
297463012,297699233
296503302,296925451
329902387,330075787
353973827,354126349
347672549,348071592
378740706,378921559
357893930,358372454
324092333,324576090
323773569,323949312
296113228,296549711
261468205,261766477
305162283,305329630
319550756,319703116
353426281,353577355
391336799,391494752
405863392,406013816
384153808,384680534
378383457,378788595
308158823,308391209
350495826,351027682
337010769,337180775
364696499,364844284
385512478,385663986
386034381,386452942
411472569,411628650
433335052,433500078
434783375,435192429
362561500,362978362
425806531,426003176
425743176,426218155
348574480,348765180
451712820,451874724
451602033,451780537
390461562,390673489
423232780,423665883
422672155,422857068
357680721,357844491
422746017,422906688
474942812,475098330
415575747,415789211
460046049,460205311
467160831,467579318
414047594,414252249
391159857,391297549
396580901,396750495
335387869,335598546
334992401,335388799
395113399,395506769
410673871,411056077
415138552,415521540
466495863,466922086
409552861,412165616
398507932,398672360
388772198,389165392
338593040,338834573
316127510,316299641
372201289,372607686
395784020,396220918
383188347,383591462
446362979,446759688
462208048,462625942
445768804,446191953
399329607,399725841
445850035,446018822
431177546,431363852
418853579,419244317
440315351,440713457
433718738,434109122
411770649,412148098
438116706,438536707
420528891,420931454
418114778,418296739
426498550,428526578
441921392,442107842
442019033,442194962
442426551,442845616
432500045,432862085
417892305,418250636
396103760,396499132
391468398,391850344
368939933,369114612
375820349,376160121
394931875,395316760
403750370,403992576
427725897,427898731
439532813,439670691
423394579,423528850
403254298,403414935
377405902,377548574
359013699,359146416
331422477,331773823
349749193,349904813
368019516,368163034
430230839,430389821
456598511,457042376
467948533,468354246
446773804,447152061
435479014,435818729
357222292,357636159
342300544,342714880
320361244,320727759
335734413,336117963
399872611,400275748
414509561,414890155
450754078,451098347
511942875,512931126
501266178,501633196
430644487,431040878
415913278,416300891
420894303,421237627
341609784,341798184
405194396,405607720
436860114,437259280
425682825,426087230
496932754,497330321
516310151,516772288
445319399,445725272
454619527,455029252
422499791,422842461
354589132,354971458
356965047,357370651
381507573,381869468
380295240,380677876
409857477,410273924
431708828,432109334
423357654,423752565
430083003,430505389
406478367,406817916
408773861,409148931
420393886,420796588
386703738,387076776
382593826,382990536
416911272,417321744
371606458,371826655
371278240,371668018
400286518,400685554
373392179,373803280
382782830,384295633
399446160,399837436
377373303,377765676
377460192,377858431
412423220,412795653
372003685,372462134
365833937,366016632
405267815,405656716
356824056,357045065
364292581,364687287
387187246,387563907
398638862,399051148
409886059,410364046
408785054,409204765
383938346,384389736
382762666,383138454
369209665,369398076
330554298,331027078
323283005,323461454
337156781,337564811
355143675,355547997
357759811,358213324
382925767,383294193
393449860,393637165
390838121,391293369
431824289,437350212
416978484,417345769
418602263,418761472
401091939,401251035
411202716,411358588
361676903,362091317
440075931,440217428
462912489,463075196
455507923,455668474
443926210,444080872
428608361,429003503
363872740,364033692
356706505,357090416
256312157,256598042
333589737,333986984
411470884,411817897
346952326,347327960
415948829,416342169
253693308,254011278
407882475,408024273
423221007,423417676
436094659,436310422
336082736,336475675
493385675,493561127
416318406,416473193
465658306,465806511
387013055,387167600
517727645,517883691
450367394,450520173
442123824,442288348
408096053,408265269
479377985,479547476
292091571,292252382
385638934,385766117
324883204,325053989
401769300,401919608
306576137,306808769
399387040,399555396
344705589,344842906
268794196,268947885
360184262,360329610
281343730,281489834
382921166,383111570
366212600,366619620
393265375,393457748
352287300,352448696
376898552,377040226
392530739,392676830
379157145,379308561
412044292,412215041
417659339,417884078
396625437,396846624
447478872,447625041
452121756,452299880
445587067,445737798
443498319,443646599
479549194,479691187
421571563,421733146
402309329,402718626
451373124,451543843
455197994,455345365
459128195,459273264
445914798,446044273
481843827,482024971
428823963,428997791
469466673,469613480
512562405,512706497
525118285,525262623
549624467,549774844
537636157,537790447
475954212,476096754
419406846,419544882
398657105,398882169
435914163,436123117
439151997,439297905
424210720,424364615
413948717,414096671
428439978,428809579
375465029,375625677
353936007,354151265
352361943,352504476
355741693,355872337
352621712,352769534
352063638,352225654
364411273,364719367
342866189,343601315
324739286,327034424
312618258,312814295
315916216,316057018
313970599,314118706
327298593,327619898
345813157,346118775
368486562,368636199
354781743,355214169
343452525,343656788
334170802,334552187
340545817,340698766
319993933,320141102
340614573,340988028
354114726,354283662
339861066,340058252
326239070,326426893
340922501,341068291
344816800,344983088
337504520,337649812
346023380,346166724
366617143,366769278
377976300,378134768
370236532,370462191
379631322,379777433
362442866,362613596
342745077,342876114
325648052,325772208
343502075,343646263
352202949,352346897
364040454,364183015
382310567,382446374
406272901,406429357
398273318,398429794
383344185,383467112
386367840,386515524
400241480,400373247
334987973,335767821
373793423,373918523
394050557,394222313
377214262,377336921
363052221,363188829
361422148,361885457
371549722,371913649
328112770,328307406
348950658,349327854
374812233,374995356
423351993,423518855
412502597,412916747
410839368,411056860
361592823,361780709
315874818,316227486
284585911,284912672
315700162,316107887
364250324,364656213
360191441,360420972
361270946,361712602
344211101,345598293
326211487,326632806
296956082,297119002
323523331,323674251
419131019,419338917
444399632,444530869
426000364,426225662
410064499,410294328
376843426,376983842
317493489,317639630
335489891,335628173
390091635,390228186
407163767,407303304
387746662,387993899
371287868,371535739
378964668,379111771
366181324,366363674
383495726,383639683
397789971,397927001
418495449,418623398
388720935,388846433
363714482,363947844
369539173,369711908
387459381,387634153
408330978,408468286
388558296,390803571
418898049,419023189
391884583,392087231
392947754,393108734
370661263,370804628
446901662,447050162
449862507,450007539
446402774,446565869
411682966,411817694
360156422,360282376
335406553,335601501
348205832,348342749
367404137,367551222
344795937,345236090
327311585,327476045
346933374,347321766
323504359,323836279
304125637,304323604
319409552,319811798
339901742,340273024
419048353,419454353
385588066,386010263
398651614,399033350
401080936,401293415
385277021,385735837
294891950,295120518
322773069,322925571
400344111,400497569
416654127,416798742
438579605,438728653
449481725,449626012
433758692,433962823
343558161,343971635
416562216,416724150
498462942,498611057
529721964,530150572
555060597,555471596
566434178,566825928
474108373,474521776
385245457,385608864
354463213,354827043
439825475,440236444
469307989,469489673
476342580,476714096
490755218,491141201
461578582,461969402
376536828,376747076
344376780,344772417
368862149,369254733
401993494,402349851
431445605,431814418
450571607,450890013
422417282,422577517
388130701,388479404
380412742,380555007
400025869,400257943
431745452,431920833
464894947,465037205
429337925,429479793
383714879,383860435
373078543,373210965
349717636,349835702
343345272,343507416
375063924,375204757
407559061,407688444
380323727,380454945
357873144,358005366
369236944,369370506
362118576,362346369
358879191,359066736
387321599,387452800
422905049,423037785
396524467,396703855
403478451,403829949
418885089,419241589
417884424,418233201
421142612,421557285
449436930,449812660
420250331,420617584
396076211,396280109
401647659,402015915
418908876,419091139
416417592,416772330
441355406,441717797
470383177,470756574
446696512,446946679
430561666,430723123
424201796,424355565
431603389,431749703
431862355,432030718
419473189,419629325
447939797,448070309
420432613,420563373
425689087,425820452
433996790,434123658
446120504,446253341
459071922,459397123
446525525,446879575
417688906,418038316
394185980,394521760
407287149,407676176
418736424,419088459
438575086,438962817
426399791,426743086
415929715,416253619
362837548,363210548
344905289,345244872
355755166,356144577
373374138,373711772
396397640,396757078
413913323,414259194
407928723,408260191
355245874,355703251
363882869,364241267
378060601,378423455
391948920,392298749
419826154,419994464
426904295,427244671
385560722,385776839
337161863,337370971
318958347,319163729
335985362,336330936
349004527,349167841
369373836,369702358
389624597,389775815
417014417,417351422
371549592,371957070
353086551,353462853
363835595,364206491
385606659,385968434
444558407,444714581
469567053,469905992
495805234,495965972
479320638,479529961
465273758,465693210
379695917,380063297
402449262,402776924
462398394,462781457
577941090,578084601
659981456,660131727
725613016,725758920
733317323,733538178
639331081,639561886
596293884,596435083
602534114,602677961
569530141,569661616
581578835,581714610
606439215,606570458
514893749,515103200
426906086,427114193
413706215,413848489
478885248,479287737
491253824,491422094
512605612,512935918
539262295,539596626
538791635,539148007
452706433,452893782
441389370,441555757
448670530,448809462
468667483,468819775
443478830,443613084
473992645,474155809
473936100,474073662
459101579,459238463
442510906,442653803
477634501,477766705
495886421,496010969
470048948,470177232
464722561,464865811
465325598,465655318
439304803,439653984
431180876,431576450
471049473,471432947
441145985,441503451
418819483,419118288
407099189,407383990
412387692,412522021
341073633,341200862
416338560,416675119
455511701,455887181
436752602,437129754
421405042,421742197
410171418,410490458
380041622,380380536
355241918,355354288
371173075,371336035
413420538,413790863
394525491,394871502
367254606,367573597
370220732,372398582
365020030,365218187
346076658,346271062
360063208,360219752
340245929,340594954
325230637,325455772
226001264,226166331
290786009,291061308
283228603,283417044
296229063,296409025
313300169,313449962
375304494,375466362
359642929,359831748
265961307,266157136
324223679,324419480
319711167,319934621
320117232,320481129
339720536,339883214
396742982,396957533
294598921,294959525
269141379,269310219
370838938,371014965
374398168,374598666
364711743,364869880
428980845,429320430
478960520,479139670
463563740,463731399
370079996,370263768
467965645,468140252
468363869,468769564
472527717,472716189
451552488,451914986
512912003,513095232
484904748,485076501
517167562,517546968
560250654,560447812
563750755,564129549
564042716,564204955
543450059,543649476
513434087,513785279
489925895,490092405
430770153,431150136
471212875,471390273
475147456,475304613
453092592,453445449
438072882,438252337
493690959,494052362
470401892,470573143
415132180,415385193
416510789,416878214
423833723,424001832
398349012,398717677
379590161,379765905
438544557,438722149
383280791,383684753
333253833,333657660
331738243,332093848
337102370,337272353
311851064,312054628
369937698,370327550
434213582,434607703
421073732,421272542
367692683,368114616
367453622,367629999
342123389,342466922
320104122,320462677
306966496,307373749
370513157,370681029
357478482,357885160
354392134,361012296
366297529,366458967
391821872,391991462
370610576,370786689
354073507,354223079
327131611,327350703
326366563,326559869
349656980,349782881
350142670,350278608
337851910,337987849
358779281,358907493
349642088,350013931
332074146,332478542
334840502,335043406
353578790,353775689
380814881,381206105
412804998,412970981
389484477,389867322
379907994,380283978
374365353,374767332
396471633,396858052
422698485,423068061
408961775,409331061
437933566,438112631
419145711,419335957
408102076,408484376
404689012,404929363
401223450,401426212
427716829,428093234
410790171,411145560
391940072,392122376
379906992,380263376
426384156,426786246
422876154,423047630
417450624,417818366
401969715,402339375
389849253,390037178
326967822,327191228
305486204,305882324
358584706,358975834
356743894,357108857
361527318,361873420
405479495,405820777
392895754,393068482
325130224,325528641
378199283,378576243
432967456,433345542
430239623,430417235
431243988,431611567
475960360,476390061
413774718,414173203
358317394,358729707
332589550,332977311
384533691,384919659
380265532,380650177
422450393,422827292
481088406,481229077
486444000,486644337
426843169,427047917
399891059,400046021
382339898,382516748
386930710,387075107
399458025,399613783
448591215,448726670
454715327,454920505
429532912,429670946
411692446,411869614
387205011,387558593
384870598,385253685
397941840,398294160
403548871,403940384
407398844,407633265
433476916,433866678
412773018,413122717
389007512,389175225
400146920,400519698
419538282,419716084
390825051,391026886
401473817,401669195
424061908,424463212
401178431,401520391
374499835,374669144
389435537,389834909
406212866,406605318
379118817,379337962
400877319,401271558
430024350,430221992
406921179,407263999
387393401,387571521
394577263,394963533
366007202,366219479
342834002,343035762
356930362,357306906
385268126,385497454
362981176,363162084
369458469,369823329
382042060,382227554
372574840,372945452
346808678,347027894
361880864,362076434
339263141,339599798
323189223,323376708
297685182,297838562
367312651,367493698
356031058,356192320
368252497,368419508
390344475,390520740
365554080,365889632
339995414,340137158
380976695,381162053
370243072,370571802
364074316,364265554
380318558,380643739
398651968,398835540
373242057,373383393
392948775,393078216
443634761,443845740
426631967,426969205
418623446,418774169
434198585,434361999
408043522,408355841
388160195,388307279
362658001,363222327
463675632,463827655
445701690,445825260
455729969,455854810
484524979,484689001
498584801,498731236
419465662,419588389
391715796,391865526
373557102,373679774
361351137,361478215
358111533,358245678
377256288,377601115
393401300,393777527
367524999,367873290
347405394,347752500
370402948,370799565
356292143,356695150
353164534,353511165
369809706,370157569
391377276,391738798
364378148,364775460
341056754,341452009
365471677,365845423
361334723,361707638
361963533,362299548
351118540,351494225
368978639,369370873
344124497,344311892
366002614,366409633
396660988,397055111
402159374,402531424
402149293,402513486
390641055,391002262
366266599,366639212
345357373,345747094
326677575,327319510
353978914,354157096
355508019,355864418
346525236,346877638
341953410,342307310
352613520,353048059
329792048,330179429
312577261,312988199
316102284,316514350
331065635,331430116
335764689,335964001
326453961,326822485
338053851,338261848
318901192,319314925
304659863,305068257
292598861,292953566
302905213,303089724
306891655,307091912
318337766,318763260
336380206,336764377
370466638,370632552
353265198,353668679
343154903,343336628
346222092,346591454
357910073,358335713
349818774,350015789
364346449,364536323
393850286,394032741
385024522,385384376
377449413,377817175
383863461,385031332
394534260,394920824
385544651,385750210
423440778,423576245
465189715,465333237
414611030,414834420
405726782,405898423
417841608,418002016
412838558,412989525
410728781,410889875
451808947,451986936
486543621,486684735
430702107,431357500
435444578,435590062
455352294,455494930
406904712,407042828
402231135,402377814
443176723,443355223
390220973,390423046
346949032,347158063
370823513,371208167
382368691,382852321
334409947,334779350
375390313,375775302
422162975,422566305
394339415,394530046
347975330,348384836
371829386,372025960
316072954,316450931
270882608,271059206
272164065,272392283
318298216,318686718
286674476,286879986
313033022,313399889
344022602,344230029
370545514,370923503
317572244,319923581
320946669,323310986
363625767,363796131
404575212,404740319
447876991,448130893
552693599,552846885
635255343,635473491
579864266,580119017
514449166,514745670
496703271,496823821
381068632,381461719
291893315,292199812
317872669,318009809
350162506,350289373
342143529,342283388
339069895,339463393
386079707,386268129
363769323,364050913
346001039,346293213
310693684,310886014
339788989,339921463
333287797,333473703
381354609,381475976
437804934,437953054
445958246,446170887
426312883,426609306
390149415,390348797
375837200,376237433
376784523,376951780
395241906,395411777
451531139,451680647
480322161,480550262
438775377,438999928
417546368,417740730
472163088,472298943
463666590,463811994
480861699,481029950
486011484,486229576
496140644,496347978
409385906,409538107
372866108,373057010
400310684,400470777
438674477,438807194
469855809,469988256
474230863,474371681
483200590,483608639
395202079,395375420
452866960,453248647
515144084,515306714
488602383,488983893
516208759,516373076
521564482,521981450
432502173,432884647
348632373,349005756
350045431,350328235
410669351,411030457
384887830,385243722
387986573,388363918
400117014,400288875
367685285,367961540
285461796,285629070
287877883,288144271
261919434,262336892
241281224,241467810
270706864,270985406
279584936,279721009
222363064,222634917
251150725,251414814
259562242,259832529
264296691,264455277
252538483,252936137
279170728,279427488
247873547,248129759
223815399,224069396
216013691,216363914
223245997,223521736
235764045,235902112
265710836,265973962
302546095,302825488
293886983,294097595
266319628,266833229
259932166,260216699
274414001,274532736
298421916,298550247
330549243,330712925
362144041,362414003
351875586,352252828
345035554,345331629
340811653,341670283
302302715,302445951
321882946,322023956
354047788,354222832
343712616,343967806
342692134,343057537
335724382,336103300
331527649,331830693
290161390,290309184
319459169,319825450
356643228,356814367
381698126,381830576
377246681,377456772
370148993,370443614
329534874,329680288
292845390,292988754
325318857,325485084
360773616,360967853
383973155,384104899
375778768,376064173
373709011,375883245
316972349,317126197
279753494,280127812
315786857,315959037
339546026,339682880
366104026,366237208
384773507,384951743
379201107,379498378
319594436,319746503
355481086,355857038
396907498,397097417
401193246,401322660
426469432,426600624
441292486,441436101
383014083,383165915
331906295,332055943
329392441,329518401
368335428,368514345
372530723,372658752
385661247,386010055
406400156,406570871
423601989,423749326
369407489,370085475
366057264,366183357
369674791,369810276
379600507,379722535
332611617,332827200
349961270,350139807
367634388,367789306
364446251,364841594
366779613,367143430
395605880,395730897
404473684,404608877
356686670,356899944
374041391,374471388
392113563,392479220
389596213,389768489
389705926,389854704
417251034,417622630
370579459,370786892
328425522,328629970
329206232,329345976
350476804,350862043
341330457,341498401
370389797,370747608
404351090,404490746
389097984,389321614
343959438,344165598
344167930,344298350
338528545,338884919
337355347,337533200
330262594,330390520
361073088,361205621
347694170,347884974
348205542,348326267
353459088,353597383
337274511,337493851
335731187,335891243
327906073,328046033
311697415,312077823
252637505,252813022
361531700,361659270
367800101,367928087
351197649,351409028
344935200,345067527
344118201,344244618
311643003,311833339
299535417,299704442
359593429,359749131
344655285,344863628
335413737,335636249
349391388,349521254
347608464,347770552
315885747,316071382
374854242,374983283
441792232,441922206
417164417,417332671
401284582,401501458
421688124,421823456
389702202,390087852
363340215,363516823
384398716,384530912
446996831,447129824
422170590,422398182
437046959,437180586
460440671,460562457
410385084,410615770
363942799,364126384
403059303,403198590
379099056,379457558
355515285,355674103
392700858,392833197
409540019,409685332
360515263,360731115
380495644,380662814
408947085,409083643
428420409,428588716
406894623,407054138
442893314,443021549
390807128,391021777
347569769,347788407
319786284,319945552
346534949,346675068
366394721,366552202
401179739,401308697
443758717,443915718
426020694,426161313
378531446,378750203
353210352,353325651
373285472,373664197
398458290,398623444
359840943,359968496
449716561,449850517
439418475,439545527
415605980,415735046
395259409,395372148
417378579,417552035
380851665,381344278
338977467,339107545
385610551,385723377
372479519,372616712
348133319,348257763
409359938,409493849
378834694,379102865
332589789,332714815
351521309,351657418
407628553,407741232
442163722,442349768
507107819,507233174
473581712,473821267
435804798,436064847
401110738,401237291
414646539,414784184
451574310,451727193
510774126,510900793
571400018,571519310
546333201,546635883
516712934,516905480
469860853,469982306
503854603,504221975
539624385,539774558
608416366,608550672
633317844,633450359
609960487,610136014
554391903,554526472
503273911,503437910
544851180,545024378
508053210,508212460
535400172,535527347
447966162,448335540
478537951,478727099
435311124,435440927
418967547,419085079
387928219,388103318
411648509,411785767
435132853,435297932
415486196,415661469
415529209,415687931
404422805,404546712
369131957,369485310
333196575,333352254
366469702,366599386
369845635,370356840
374961094,375121452
358646279,358769779
342988991,343105317
315502786,315660287
313594806,313757303
325077806,325569207
325502507,325820560
326132156,326279094
319324183,319456373
327432978,327795212
336024073,336190872
341967806,342257352
348046650,348504022
356415512,356582374
340838892,341170968
361071037,361433469
383229902,383385366
388873820,389050095
404331365,404634533
373834344,373966044
358242457,358376782
356539124,356658245
362332915,362460140
371392462,371526073
339568117,339689840
310936887,311070836
300835280,300975473
289997540,290155353
311250017,311399117
344426179,344813374
325751466,325894255
297187679,297514446
265979353,266339874
264264708,264627206
246222228,246608587
297184914,297545031
263070120,263199880
228859286,229206666
206894623,207231913
244172604,244332953
231385681,231764230
272192527,272539952
318595750,318945119
293025689,293166854
278381433,278535230
319146528,319336948
304959751,305349730
289044370,289410974
340263935,340609083
307810739,307994684
287811990,288137242
335246917,335604314
370444984,370790242
365007883,365200273
381994268,382208724
353275920,353610348
339980317,340103823
323461279,323811689
371161382,371545229
356661142,356825113
379824248,380033764
348298315,348686618
316617758,317011847
311216528,311367396
316790016,317076578
310290577,310410678
329754223,329964405
348241986,348457605
321945015,322335213
348454468,348584832
363606574,363883492
349355384,349509662
331839605,331959273
363549919,363770517
338883807,339048774
366663153,366800675
377730287,378042772
381311824,381622418
380495216,380615518
396171104,396304854
375436426,375603220
400107048,400240230
429215237,429376497
447150309,447658520
406545007,406716573
426126249,426266348
401319429,401718669
375736142,375898892
358509814,358642636
429683468,429804044
393679592,393845703
408277631,408415027
422653225,422791151
407849107,408260829
457947714,458108084
489197224,489328892
447242197,447561364
406322070,406468561
427914390,428048329
354779920,354907046
419861696,420027047
437322411,437679011
455875749,456008536
423038076,423407506
445945651,446138713
376084276,376215379
437849996,438234098
495516593,495674513
525444101,525818463
477760519,478056231
505607345,505784131
433564000,433915646
361956872,362090722
431849149,432242748
438978509,439184987
398367024,398661027
406392651,406763488
441629199,441796038
377741973,377866407
404307537,404457321
416079462,416263065
372767520,373056343
325972735,326475569
358277980,358647254
311446310,311810977
343128020,343309827
345768650,346137884
357653079,357816333
323417429,323905800
321303769,321652724
279025026,279216513
306118542,306506418
333810235,334200747
351253086,351591164
399680695,399875490
402511046,402690753
356701849,357063515
310253003,310618424
347714472,348087932
307939754,308350471
355661004,356024562
357506919,357879655
355246988,355606036
317155991,317517674
346286940,346458460
297746723,297909197
359388915,359774568
407543041,407721325
414871555,415237614
375249226,375426446
410193283,410558272
371408903,371762649
332558329,332905061
389035560,389425435
396662519,396819646
361874025,362060141
391417712,391792935
419812940,419988764
390807919,391163916
402735137,403096935
416150287,416541431
375331263,375676471
324708545,325043415
373960588,374363529
359903637,360285493
376313400,376470837
385066297,385434680
394370843,394536493
360594733,360936179
357853433,358021537
348380006,348575451
360230082,360617658
373100881,373472351
390254043,390609427
383930777,384284529
383519873,383911610
369708395,370086002
356369171,356551872
378256053,378631934
390059316,390428777
389832663,390209156
385212765,385590409
379216815,379588154
374097160,374455828
374798192,375151999
387349328,387701154
382551319,382936438
378955994,379184452
381215737,381607414
346634069,346802841
353411671,353796398
365749944,366141903
378068287,378459800
381003592,381200970
391619317,391972808
363074707,363268116
365043461,365420501
363371034,363759432
386124657,386493369
443457282,443853660
460369010,460727524
426835668,426999475
391920225,392112281
402341184,402500981
341170897,341550765
403913080,404093194
415145405,415493174
427079845,427413989
403791038,404164771
382293360,382559471
323109182,323245399
379812521,380225483
439651826,439785694
461770978,462116888
486117762,486455997
471795367,472078072
409840253,410210037
340675805,341030244
411919650,412094683
383058686,383311163
412315805,412439696
393094177,393569393
371904590,372189571
317708619,317844467
346750783,346876104
321028136,321297103
347253600,347378862
374545011,374668848
364125106,364398677
363719986,363878907
395541090,395668793
364137916,364401272
334723642,334980286
368735897,368864930
382205935,382388571
385022746,385189794
414020926,414154939
443236108,443354858
423346516,423625516
404838427,404986086
421044334,421194290
419035505,419384741
420386567,420554610
456342506,456470360
443461248,443604773
425943896,426121678
442307795,442439164
455943920,456067176
464655984,464824038
456910749,457076122
434769256,434907087
425723242,426097753
407069994,407222138
428730673,428858720
427886943,428007873
423020144,423205929
409460577,409579876
392378889,392503937
382793578,382949490
400368348,400522816
395273796,395401028
395159401,395525414
393494178,393646017
386508465,386640214
342703382,342969077
365560882,365724476
364672596,364790473
364652606,364802564
368573323,368734870
398241360,398393433
364230211,364530211
381696591,382064432
406167268,406297884
414735434,414865000
418013049,418145203
411651576,411788731
411048023,411340371
361800918,362096754
388975596,389133832
394509641,394636743
401449588,401585503
430110502,430246409
462563990,462932514
431416219,431739199
374048127,374362213
385146980,385282166
387471117,387837743
389448583,389612113
428357113,428712160
428255593,428531815
374697046,374998743
384890811,385021831
391227292,391424364
402558768,402912658
427224848,427391534
432833313,433312650
377652271,377934823
320891747,321210974
336006210,336136335
323185157,323311767
350644950,350775275
350774099,351077410
352732594,353009042
306899851,307206683
289357163,289678412
282412292,282578902
305238986,305585999
330459616,330615988
341140311,341391506
370383557,370509342
358503065,358614092
347568902,347910262
335991572,336175738
368504126,368653973
360098730,360481098
391735651,391912134
373353404,373679899
358141230,358276858
355493292,355659471
348828859,348951254
342048175,342178618
371015974,371371358
398190708,398550135
389370377,389528868
387912525,388275093
387164628,387313821
376523327,376909222
366234430,366587581
401156550,401318661
410436390,410562316
412268477,412447424
407131802,407477706
402176799,402338237
400783898,400944695
380873679,381208635
393659183,393827324
392039587,392399334
389767192,390164722
392962627,393106354
367671931,367889230
352978729,353150627
359357174,359726271
366534810,366709975
375021757,375168222
356738664,356925816
338770654,338994120
319597190,319973982
301527179,301681426
317933680,318274235
363367678,363563735
351880055,352068005
328657949,328879630
305122810,305345604
296473621,296641048
301741784,302109472
353817583,353984891
336653432,336844776
320440861,320633126
305930781,306160144
272593020,272767406
281497070,281679909
325519896,325890464
372880097,373262263
365539650,365728640
371083142,371467274
343415959,343596533
348835007,349184573
355190675,355524003
409822900,410019299
420746001,420927227
430194468,430369415
368609415,368960724
364062900,364436117
379194571,379361099
361843833,362231346
377279603,377456941
382675142,383028535
388223673,388565050
372293796,372475872
372362237,372541546
360227594,360409144
370549814,370912299
381141617,381508532
386971656,387134040
396269350,396632652
401370047,401539296
384848849,385231072
367378798,367732690
388285661,388446992
386434547,386804761
400417758,400589018
399136671,399509555
399530267,399901604
393696584,393862192
398392763,398773299
402550097,402729774
411442083,411817617
419070603,419475533
428621653,428775404
394288427,394448485
404980656,405172478
405084252,405363568
404305770,404680254
419800446,419969139
435178692,435554025
405251427,405409846
408287191,408658368
412323306,412709570
420589192,420783036
427350699,427721892
445968007,446146863
408916253,409260121
376960034,377315021
391315511,391494804
388386625,388761431
397779522,397958229
411638998,412020029
426579937,426946650
401253568,401411958
359881528,360060410
361177625,361381077
366126504,366522180
370948346,371312494
394473726,394634280
393281223,393668955
358639048,358843464
354820913,355188943
351616908,351991517
354560758,354716736
410610350,410762774
414837553,415030494
374704764,375087665
335218760,335430031
341105378,341278829
298847118,299212734
367618572,367794121
366726615,367115569
367143190,367322625
336979838,337169116
308723772,308987413
287719462,287848244
337113894,337496505
383974054,384134545
391249833,391421067
409184304,409553706
385950303,386437802
360401958,360776964
336986836,337364640
395434172,395768958
376798759,376976778
396512993,396654198
370126645,370402977
341814657,342062973
324765853,324891422
245140376,245461366
298091433,298284421
314497094,314879638
333648111,334042714
318258942,318526435
182375032,182675520
225863140,225997552
274775569,275128198
303381906,303547452
259261179,259392724
191702163,192013404
274757238,274881388
336804520,336918450
252720133,252846178
297180040,297458558
339663488,339826728
331810429,331958520
322600580,322996872
328516226,328690847
352519201,352636666
349006057,349159074
268100177,268397995
353519702,353646086
374102926,374233595
362949584,363106861
361651426,361830610
383899935,384026905
378461352,378808233
365204069,366422293
352057106,352264898
379861271,380227984
366195022,366357737
346154698,346429087
330364137,330678013
337335716,337699733
332476010,332640043
325666734,325871236
370423566,370783557
411705246,411875612
398987333,399147599
381221814,381547187
389329063,389462309
375946339,376080791
354483404,354615340
333276000,333556547
373833489,373991658
356625161,356743151
364143467,364266208
368635401,368794460
407116491,407257112
386795108,386959068
363456391,363746387
367694545,367850070
366724592,366845934
342714456,342876533
347108322,347275261
384017341,384151796
390209716,390336954
392491683,392650077
393288738,393443280
394267879,394433589
366363754,366532524
371231822,371386506
372207682,372348520
372310994,372501713
373475930,373633033
372375434,372505909
402169823,402295836
429538857,429710793
423167998,423300576
426279062,426454879
421190435,421342070
369499711,369621910
313825258,313956852
313200228,313361568
338096273,338262815
335859305,336010095
364867579,365067992
390438813,390639581
412063158,412196278
356926165,357299514
352755189,352910552
363794810,363926408
373266270,373389665
316339244,316498730
343167898,343376380
364998200,365121115
343404475,343689646
318486501,318782395
341417143,341820754
349439322,349773746
289702902,289874602
334074431,334198188
377738617,377860001
384732094,385062782
360817388,361122399
381810887,382035318
382121876,382464394
379114490,379288887
351361674,351627863
393648879,393980860
399589494,399785042
399646133,399767838
395990630,396141785
433214477,433373582
431883861,432025762
402139729,402443969
392539154,392881375
379599731,379960274
373042046,373194476
368904333,369258209
405008312,405316651
368060434,368210186
394180698,394300690
385476923,385647829
366677197,366843150
367102620,367263126
361341662,361639838
352594078,352878050
351953339,352082478
344536570,344666277
335177403,335306651
363128244,363246021
401007608,401126156
376775606,376936160
367670017,367990458
345544231,345666132
351773866,351901402
349946422,350074433
336877183,337167366
368024341,368338360
356278863,356607840
384485938,384860439
412877439,413236127
439163969,439304655
437332219,437526379
423216903,423520463
395353565,395468631
361986432,362110381
355818657,355980672
382765877,383113052
408365636,408739419
421667018,421868877
427146894,427567322
448744049,450798929
420759155,421149016
414012439,414209295
374742233,374935542
335701990,335904823
301238603,301399382
307751503,307941532
326494658,326867503
365464364,365837893
401604665,401799726
404194300,404387756
363716589,364113816
330661846,330822945
357163191,357288328
379330284,379502408
336442782,336631569
372005957,372170593
372632487,373018906
319113901,319483267
263159639,263547491
295174861,295376222
318210399,318374522
273883867,274067801
292718605,292934498
309135499,309386111
329813326,329975681
273867578,274056627
304475859,304812735
341105755,341460342
379474643,379816442
320725925,320925530
336509413,336736330
355116052,355265486
356841002,356956058
356138020,356299731
369386661,369588336
394833527,394984113
344723038,345113172
322003715,322317083
295677198,295999566
327211180,327390190
326737188,326922310
337749812,338174998
367956490,368074859
393902247,394037591
390448655,390611887
363711698,364034208
392758839,393117408
396797350,397168017
393649895,394017942
362826604,362984725
389352769,389723145
383099856,383265476
381749112,381900024
377703671,377836586
401645926,401795648
399648855,400009016
367292363,367631486
374884122,375264372
377882397,378248184
373245464,373424686
368943428,369318613
389872746,390029341
410519521,410662924
428424637,428602864
389668705,389840591
424922375,425301773
417477771,417860189
408476619,408841240
396271285,396639058
396422099,396586352
414742970,415099669
405383282,405536599
389593998,389788745
373672970,373874787
387417684,387600406
374272745,374615513
375892011,376244707
393398695,393764930
410521093,410881230
395051785,395220911
377369698,377587300
391168537,391338575
384491838,384769400
374116373,374428317
355121872,355312744
361738287,361870047
352433309,352580335
367234286,367358818
386105723,386231210
400756566,400873812
392080255,392357508
369622339,369979588
387290720,387422500
397811149,397940525
385128637,385420920
395754011,395878242
411149389,411271052
397129991,397299749
383842595,383994691
393572115,393697090
409535167,409667599
394619095,394916832
357423420,357752018
317855273,318029060
327917997,328052616
311164114,311283016
319148304,319272820
364213192,364371533
401692895,401864366
385138872,385334354
346437143,346735770
353995380,354356651
375291880,375427248
394327938,394476951
350887894,351064666
389544985,389680088
370971924,371088407
362152799,362282092
350790667,350933768
386172169,386338950
405015202,405177054
359526758,359737603
350316000,350680941
336928761,337105758
351199399,351388991
339865588,339982712
372980168,373100042
388376555,388524758
404341699,404499828
385063459,385371034
378804114,379186887
391162783,391327868
367757207,368064092
346961067,347469783
331325763,331499645
342541833,342685141
315086154,315205368
338930496,339066941
347478966,347581994
358383870,358688733
333034528,333312150
316390064,316557294
340769518,341077925
362129904,362289648
334461073,334733402
345516734,345627589
355150536,355297176
365610241,365728612
372372531,372488410
378863618,379001203
402622959,402771800
373180316,373471720
375645546,375757817
376374512,376491755
395196792,395339975
401806218,401928469
405858011,405960008
431015188,431136565
448630907,448772514
451181594,451292792
450152150,450470476
449320569,449469509
436868071,437185835
406255392,406407630
401826907,401984663
421004233,421136094
422972981,423108642
439718240,439868609
453118591,453247381
464044248,464178824
435280936,435650817
429931188,430090115
420819545,421140757
403949864,404118266
372466801,372664149
392170854,392300354
404702720,404826199
410390585,410684838
410875879,411202729
420201937,420324190
395589456,395701790
365637393,365763716
391784403,391888772
419157628,419275935
405097670,405230849
406288898,407286946
414016151,414143181
372870803,373225143
328715160,328880317
325872967,326211498
350321243,350682341
342835988,342953249
353760740,353869983
361037122,361154897
382350268,382472446
340224868,340360058
327922305,328257607
351060734,351175677
373543069,373672602
325999184,326128772
333820973,333958114
352992677,353362706
370489993,370902212
381812002,382163765
386285895,386629642
407690634,407854275
357627401,357793372
351072047,351412279
341826855,341955419
359669155,359800914
370070160,370212779
374772033,375120574
353010925,353228846
328149812,328357922
335559779,335919236
325526280,325718475
341557986,341721973
369229722,369344222
394722551,394851328
383594241,383965347
359720566,360119897
361204510,361385393
360448970,360805545
368247062,368399968
341408597,341606195
366731177,366855092
353684080,353810144
370231588,370381277
370652344,370783763
392292645,392406720
382801934,383152429
354515175,354706604
330582369,330705875
323353097,323504377
311611739,311790124
326721091,327073451
345283697,345632348
378437175,378801638
406651267,407002908
415915374,416295367
401892807,402042696
387193484,387381163
350696874,351088171
311593212,311999201
292197772,292354284
320926148,321292682
331230420,331583233
335320609,335557769
335594139,335807833
362346586,362711127
316762337,317175207
301372822,301518504
306938821,307318917
310700917,311067963
268635700,268835395
268245916,268463484
293665818,293848010
341841652,342210693
387159250,387325431
363875211,364297443
387459356,387843805
346867666,347040617
342027273,342417312
335387781,335807010
334671151,334833546
381045923,381235601
372594389,373009347
338394279,338599333
302016146,302204128
342508399,342872672
337740099,338116657
335044574,335217851
366464576,366850627
393395057,393795348
383720051,383904712
345909139,346097141
385625377,385804302
424971289,425360452
461212296,461380225
420003666,420389125
447581611,447969669
436392853,436562889
380306866,380707016
321924515,322334191
345998634,346178057
382083235,382249628
339127209,339510299
367600448,367794410
393209172,393395587
424230547,424620268
367069398,367273398
389362184,389762917
390325042,390491789
388357547,388702312
328734949,328929625
354070950,354259011
384390990,384550259
372890108,373263374
373924533,374098561
394292128,394685771
392325604,392683712
330833210,331072307
370123288,370313145
406253887,406433135
402372311,402528353
395872626,396048268
415009778,415365223
424712033,425087652
414736864,415110322
418883168,419241090
454656411,454841667
447610856,447794574
427963156,428137015
404258373,404434410
436991500,437148872
441411029,441790852
429612454,429991445
450892015,451269737
469291221,469665319
469447289,469817573
446507403,446671340
476920661,477123030
458295964,458447505
435796421,435976442
409990705,410152167
428012123,428385274
428544063,428950746
410019276,410391578
387392292,387747464
401540328,401913779
368202040,368366190
348344176,348500899
389166053,389369568
426207804,426388782
400335740,400488179
377981418,378340977
389801697,390171702
384864165,385205654
378603451,378970453
352547218,352936619
388707681,388880728
363135183,363276087
360517986,360857002
355840564,356008905
389120806,389303066
383252560,383616122
355944841,356307358
421552647,421923555
486894997,487266385
479531081,479890387
473703938,473872953
506145998,506303378
409050499,409231462
415755262,415935293
407748457,407936428
470540046,470895018
463683509,464077353
474807862,475183573
481828523,482207358
539985289,540360194
496812652,496992138
483254532,483418667
386039305,386367789
359899739,360063801
373129225,373328940
380044827,380428787
436066946,436425979
449137081,449518228
465375838,465748996
470126879,470511890
371341395,371534618
387210875,387369184
398363937,398732437
414273567,414455279
315492729,315662074
388926505,389328510
394394934,394768300
394081933,394480060
396891132,397272857
409322759,409686688
416460457,416833616
317995004,318171417
374258529,374619199
369079555,369249462
378271976,378439228
374846559,375216653
385796279,386178585
376813934,377164898
382743724,383099761
381261083,381630219
367712068,367890080
377607583,377773104
362182357,362508935
350101542,350410744
338770493,338924504
330830635,331177344
332279305,332647724
348996091,349371147
372587228,372794676
370014639,370138205
352031571,352333323
341631903,341788913
369454634,369813024
401544157,401713659
386240748,386516146
398135281,398287829
395839598,395951320
388566663,388694078
389655607,389799507
405167127,405382353
432630285,432790436
417289874,417609877
420376877,420756884
429602060,429804564
456102675,456268932
449009718,449147322
465281747,465663790
439222475,439367783
414965645,415110867
409284056,409463530
411326020,411717243
437184923,437346605
433133141,433422420
432391872,432648266
434272954,434439737
404004530,404145031
400113831,400252269
434719750,434855446
476205275,476337854
448483801,448627209
442033761,442323101
445300108,445501180
437394923,437564717
435342184,435507457
428023807,428332981
460050219,460183973
433857972,433998402
396171573,396300292
361192943,361324112
374324308,374456917
386669258,386831398
380120939,380399392
411117540,413435703
448432226,448603929
438370329,438540386
398614547,398749314
433676665,434039656
433662813,433798533
434416213,434547899
405533297,405725357
439138455,439318743
431793657,431963883
408515679,408889274
390134135,390344891
409146253,409295852
400373627,400755744
361414172,361743046
367904166,368270366
378612412,378988307
375945750,376122647
350028377,350419605
381952967,382102996
362204543,362499880
350662286,350939232
328069534,328244986
329936818,330084016
329240208,329379540
378241304,378367260
429913404,430051372
437249912,437388893
411473230,411769658
386654355,386815987
354909602,355185247
321984538,329753737
301541601,301847150
350292360,350421937
360221947,360349867
332927170,333099643
318028620,318413124
378701256,378839517
342918616,343188051
322407493,322905689
364433192,364808819
410439881,410601315
371740315,372005905
351467629,351612401
404107013,404241008
377306962,377437270
341731312,341871419
333577896,333795786
374287576,374461609
337340589,337611925
350458159,350620311
365897968,366067563
406502872,406664925
374635653,374949751
356887781,357034340
332818264,333023813
310748742,310954848
281186990,281530007
287777384,287931329
330686269,330854500
349095781,349258525
372231532,372395089
385035303,385184282
354856778,355069582
326445343,326816151
333985337,334345358
347795391,347961891
319369748,319583094
336247161,336380900
347891380,348036030
349813963,350127039
356380616,356570986
374242128,374371770
381484605,381638005
354095104,354486297
322227329,322554239
294656957,296896748
303370343,303537459
303620713,303776603
323496957,323633019
373397761,373758900
425271695,425445921
427264770,427426970
390643607,391039855
399517771,399879625
374265457,374615765
353472300,353846010
320299513,320464240
367605580,367781708
370988857,371142574
388499662,388853286
414041210,414206655
464370691,464740576
437084190,437258716
403401880,403786774
374579291,374963516
396950315,397300591
369976513,370152149
388061265,388230925
437749324,437915358
403301109,403668208
372352867,372544867
392639860,393000462
383738585,384113429
335499185,335846002
387420341,387769187
422581444,422948628
415094793,415251209
373941871,374126493
396896734,397057693
364896916,365147256
339481876,339762998
304155778,304543410
333135578,333493143
326964966,327331414
373696383,374058634
425165005,425515991
456959498,457134140
424116756,424622142
386853972,387037948
337919201,338222157
298581951,298727118
274353683,274597268
317666169,317792589
350185690,350298517
449511703,449639498
552907328,553049108
597089413,597285753
551677417,551809606
519425751,519684647
455681875,456034917
385792809,385950394
351570030,351709078
447838777,447966146
492821563,492937554
507714595,507833162
527633668,527776212
624189643,624381804
557772598,557951051
516839484,516986873
461587440,461961527
411041305,411221404
347803662,348181930
358281526,358646849
456832378,457199947
491864071,492029878
530508559,530673189
543347427,543725079
485716134,485913232
423438864,423821447
429263250,429412311
440009365,440162262
383205045,383566527
415422134,415760554
429768520,429937682
412233278,412578377
399702666,399867154
429374840,429501622
437458121,438778225
383517221,383697602
385662938,385834088
421383356,421750259
426526354,426895308
406433566,406633063
440812102,440993652
