119262862,119372549
95348136,95461315
108505810,108630877
147068322,147192038
201869163,202000527
258434337,258548562
262228160,262343656
279876316,279991777
273249577,273417347
338651054,338770090
325706832,325837928
332954602,333086590
342060894,342183155
394735100,394871543
396875077,397004033
405122052,405235545
413875303,414003151
431555751,431704407
413199269,413335023
401665412,401798885
419296856,419425351
394387176,394521236
379261658,379392276
377732973,377882549
385824294,385948214
370508523,370634036
378419005,378778887
385421054,385782874
374135482,374458834
394432933,394807882
401388475,403585351
422092631,422476034
435309897,435683602
448275412,448652780
434168666,434544032
449270915,449630045
379322687,379677359
405928764,406276639
425653626,426024459
433041741,433395168
408794670,409180790
415803764,416182348
436117263,436488543
422585207,422942694
438159442,438524066
458316506,458676575
471191811,471571306
445054410,445413187
453538478,453918402
430967929,431358732
403629009,403998704
379735335,380097904
375775896,375976251
392209064,392589817
413029136,413407147
410359898,410749950
429253803,429625772
452389614,452755454
428726151,429085852
402109087,402473207
426312697,426657537
397544697,397904399
383629932,384005004
407292623,407699657
374356056,374743044
390057992,390444103
384834175,385232424
380196279,380572024
355877251,356257124
381240760,381379841
384551311,384676537
408141420,408279958
410933745,411322584
406608123,406960894
387247392,387384885
389693057,389930014
374416704,374547906
362147929,362563648
387260335,387383381
385930037,386299871
373779125,374174800
369726722,370064024
392639580,392985888
381585107,381950327
382896949,383285748
409440749,409603467
412367635,412785218
376585241,376874928
373379709,373493410
361686895,362046103
326069814,326335717
313290130,313661405
318338563,318518554
325158557,325527870
347691370,348047731
353650432,353840330
378090928,378276965
386618323,386767757
380386201,380540364
346711593,347209915
356326391,356486755
319916968,320200359
310215429,310530290
336148637,336533135
343004804,343361824
332870793,333023000
338293658,338689861
366690162,366841074
332010353,332285072
343120166,343475973
370767467,371144677
379570493,379768860
377359236,377717605
384050211,384426739
376149920,376490422
371181935,371539633
360431346,360788281
325954635,326129396
338119846,338287181
370666044,371061323
334759248,334959065
125382354,125543443
95572575,95925271
108548476,108664437
176229225,176352596
175088265,175221725
195920362,196044196
255721156,255857071
244924729,245058888
310999466,311163739
333660971,333788923
322609636,322732548
331321891,331457165
349877873,350007316
356538509,356680393
363839413,363970078
372618769,372742328
394503730,394636906
403860559,404011110
391198105,391337527
387725716,387849571
405190899,405345309
391038991,391166430
388172325,388517611
396387481,396529469
384562880,384688165
366831443,366957549
378044652,378162587
365208622,365358762
383950303,384086039
392789693,392913013
400376178,400496093
416030916,416182258
426322733,426456959
408845191,408982663
425838575,425959524
443369542,443493775
425019101,425144886
414978387,415135463
451623450,451755687
435423084,435567867
411343571,411476560
431264192,431633578
415333396,415715874
428858737,429000579
435323351,435446555
454160378,454294832
430092544,430221432
438524851,438693889
414095473,414226609
430277489,430410788
403192603,403347702
421121687,421306256
436506471,436690321
456431116,456575945
431591757,431713597
427342344,427708736
426792606,426932043
408116917,408239409
379078430,379203811
399612218,399746891
423792141,423910733
413493680,413827200
435832553,436204645
428157655,428354760
401311486,401424874
387532906,387891623
385573277,385686306
357764633,357876489
381070599,381203977
377406039,377584541
372492223,372610366
378054564,378253822
374507350,374917901
360185962,360351633
384035324,384388341
388150575,388350889
376911033,377087318
402695096,403061145
396943945,397300424
372479710,372634058
370709486,370890441
398005043,398382554
385416285,385785714
388108053,388304762
383310713,383466516
407537057,407691872
373539411,373806504
370428828,370575026
357209578,357580332
362477460,362668954
289082660,289583734
333032715,333237323
337838548,338256694
360724109,360898653
348099743,348273854
355406820,355761837
368260691,368410411
358078839,358439781
320329540,320598874
344704111,344902377
356340138,356494077
346620848,346762295
372383054,372734558
377880577,378076962
342456237,342938275
332723999,333062775
359520402,359674761
323427690,323918812
316851164,317012442
338466438,338829465
366969012,367133816
363681397,364067004
368627914,368993466
360403749,360738273
370928333,371259305
367981809,368339637
330795118,331179122
344214715,344570862
370370998,370746871
360947404,361271270
319927044,320313133
344536563,344910765
338981946,339348242
334405657,334771576
359970634,360339221
379014734,379181700
393940718,394074134
417580350,417954849
380386405,380575358
376348715,376706639
370585932,370954891
388259148,388624684
352799614,353151221
404692876,405087782
369214558,369410800
366758732,366940466
357815465,357988684
304290152,304681917
333587236,333748262
351361840,351716498
341765516,342098055
348697272,349085710
368424716,368782797
364563323,364928854
374927399,375085425
382864942,383051646
358950445,359318015
374035678,374396855
362875899,363059640
354204855,354577077
333290327,333671397
361636562,361828670
359208701,359568827
363005122,363357641
353138918,353291847
381189014,381574329
385567283,385910435
375301386,375653821
350242971,350406090
354497502,354850067
360190040,360370421
351989477,352163047
358913307,359268249
384786656,385176818
358265179,358625982
350951173,351329190
379810692,380173984
353750368,353923091
387685133,387819382
420314209,420509548
448572231,448696891
421256214,421407986
438602479,438976396
410310701,410439691
407199151,407325027
384333285,384455785
379546228,379677275
385624546,385756818
413035401,413153988
404887103,405047709
399802234,400157387
382282389,382503312
361988863,362160386
337064958,337456067
374720974,375076323
358008292,358230010
351626781,351800928
382952722,383365148
376936066,377115476
350463533,350620118
344261297,344441886
374334497,374703336
348123928,348272022
328757286,328973742
312842613,313002867
349048237,349230384
348239388,348379785
343465312,343834214
335766619,335959955
319054677,319278879
316357896,316521572
325031451,325386168
299968450,300402124
335658719,335813098
328136864,328324486
338552669,338705643
348732124,349093031
343164816,343532087
339102637,339278750
367352605,367507537
377512934,377700578
363916975,364092108
400996046,401120872
407335144,407456478
403031895,403135680
389379919,389508932
364751139,364865444
358490776,358609979
353450694,353581341
374572775,374714301
355631215,355765387
368956950,369083814
379219020,379345201
362135194,362263019
372512933,372647550
386884223,387003429
381531939,383981367
400237154,400369006
379021096,379131377
365072302,365198605
365638298,365764438
387328228,387480555
374480628,374825680
386025407,386375670
366340164,366670086
389302667,389653954
367809827,368188287
353705529,353819573
353266499,353382995
365461148,365573843
343063717,343185080
344086128,344224694
352406987,352528374
375211747,375366697
452148740,452277682
453529525,453660842
522423400,522557713
524184464,524308626
497048785,497209206
447958361,448131640
525706297,525862103
471363587,471517136
497901621,498063635
511538879,511679470
488568078,488700944
422505907,422635122
427306622,427428701
395581799,395720915
457236571,457364499
461454194,461587383
469227101,469361485
453061028,453196354
454018018,454155851
394694842,394840199
458110139,458246485
442301966,442430983
432226170,432411783
501130242,501274674
507529042,507657509
448983321,449336815
438370430,438559794
455366429,455718972
396930842,397291207
380970830,381298470
388167052,388520789
392496876,392856004
425885576,426031596
416998356,417351975
423238271,423609365
405168042,405344734
424819396,425194333
413049668,413185137
396425661,396588539
412661934,412792709
402926500,403139952
384881936,385002136
345134958,345521481
336602992,336788513
353773896,353894473
370657114,370795283
339224855,339367021
377659509,377999785
395564173,395928513
375958203,376318948
392941466,393313032
431258267,431653190
416407812,416715836
434664161,434881112
423069377,423249475
403657560,403804213
379638951,379962560
365111554,365237591
349675686,349804547
380267106,380396562
348908668,349055176
326481320,326609863
341840046,342037166
309520751,309911241
274971395,275303167
313616782,313739027
326039918,326228274
334984982,335123139
375433350,375562730
350903299,351255516
337245399,337537823
345378000,345508164
336671475,336841686
321221466,321717778
332541826,335015874
306881943,307008500
302902000,303077019
331043901,331200577
310007061,310139353
317800059,317936551
329919627,330126856
357050212,357183952
365349972,365517792
378130417,378507603
363687146,363853881
373332637,373474691
381269869,381397565
361424525,361553096
372212024,372349121
398771317,398921895
385997424,386173072
365637975,365761768
354730859,354930703
343493492,343834571
347176899,347341685
377897948,378026537
369636207,370953275
458564306,458692788
487534128,487664437
469223287,469352860
474485373,474635732
498807172,498922980
403535325,403812603
409706827,409832007
393345175,393535991
369006001,369121281
336563210,336837572
355245399,355366581
337075687,337200405
360133173,360483277
328504175,328701969
337488047,337648493
398992985,399157379
389243995,389627416
324021163,324290653
378995259,379123680
406151482,406305582
361322642,361602734
388768679,388891141
402108335,402246045
373152578,373444257
322341104,322825138
354422499,354589344
321617561,322126306
349287467,349463481
367356296,367475312
400285157,400656020
391931458,392099402
411261373,411389953
363208315,363477413
392972505,393123712
381190617,381370689
395523952,395681524
426108489,426461438
456151343,456306473
409238912,411840917
431306671,431456454
408187476,408341135
388442846,389091003
374211266,374343497
402895102,403020620
404497098,404624361
373628622,373746307
404760945,404881261
417675922,417804028
376441480,376561404
369719385,372090945
389819060,389959123
377598452,377721697
373362909,373479963
394244497,394348685
408388779,408503034
411080237,411196548
425343707,425460591
358188902,358306436
393905670,394020759
399838889,399963997
401498874,401855255
407274287,407620022
421365980,421733674
386141128,386467990
385636899,385758264
393378945,393494653
359512214,359652185
363963038,364086842
382303854,382431253
385655196,385781733
351642039,352068535
371636060,371799481
371411270,371584123
337969330,338090737
361893362,362075239
404857299,404981585
408249834,408377088
410695571,410822672
388750491,388876833
418837271,418963833
437650928,437789845
438307941,438448310
398144610,398351030
404016907,404160517
396784324,397155310
374789806,374901835
380727990,380854222
417045010,417171909
386800433,386983711
354281583,354607223
359754327,360019926
321831564,322237085
323247377,323420077
366913839,367026297
369556395,369831364
453752089,453898165
495786397,495898384
470062894,470186885
474061718,474238690
557645180,557808365
466056724,467152246
487154034,487555809
489854103,490136634
457724419,457829328
379592817,379728603
373394765,373514251
340123768,340257101
421170270,421283026
429964903,430249957
415874356,416031126
520977176,521155822
524069431,524333365
445973765,446087092
529672671,529794374
563629122,563756312
466463480,466588668
549646911,549771142
538632203,538740231
461020261,461143547
425569089,425686645
439513587,439688785
363340793,363486416
392429984,392775370
380071818,380383471
376673930,377005515
389774278,390127489
377609627,377949276
355794025,356142215
389091793,389215417
399814232,399942170
398830647,398935687
429850979,430014566
427923588,428306162
404890024,405014759
381730306,381857636
391519580,391636207
376046544,376172852
384659752,384809515
384248540,384381808
377914158,378033833
415393778,415517584
412713361,412849548
407661210,407778527
420022634,420140234
452076855,452208144
462858048,462976335
473977720,474112355
467048976,467185005
463047026,463169617
463084312,465462535
341841046,341985331
413471475,413588794
442816876,442942296
438992150,439106691
415070100,415220374
537071833,537238576
621797393,621982152
639297829,639424516
673221412,673345602
641186717,641312372
562728646,562847910
507155138,507280071
396203250,396339785
443045854,443162482
420676469,420798717
481697890,481835754
457191683,457323088
514654981,515031413
434357439,434702067
533283364,533639431
457002686,457284995
347061995,347398855
389685098,390014388
415556739,415921213
334556332,334851642
353165407,353270425
382920057,383279955
443004943,443366341
425075276,425390094
441773661,441918341
438886956,439053700
416951238,417264245
333995464,334301375
395175832,395294603
390620444,390775556
419035772,419146996
479499014,479643110
498267739,498611989
418328045,418612722
444950789,445075168
405184544,405358582
323152935,323637810
315998217,316178070
329943902,330057819
292713366,292882968
303201464,303316908
317935900,318049289
346844417,346971313
336003959,336184823
344470613,344600742
344185781,344490878
336757658,337094073
267242239,267418983
322080123,322188423
324388750,324533516
351822600,351956929
380325528,380452548
385598650,385724088
344705357,344890415
370738647,370851699
384708758,385056100
339707018,340106529
342854230,343170431
348150228,348260333
360066732,360190002
356892624,357018211
361522522,361636146
385747316,385868491
387759182,387872225
381454603,381572536
360398277,360671336
359645296,359758128
371675916,371792052
397791648,397932140
373295158,373557072
378328052,378437041
405246579,405364102
398053605,398178093
412141720,412287506
415781079,415901998
434772801,434947423
446541888,446666531
420978503,421233936
413545346,413704609
427713330,427897301
430420641,430771293
424659306,424995434
427326394,427661151
405037111,405302011
404478742,404641409
399820515,399970985
371286184,371552884
387689315,387844857
391246203,391406789
383568889,383711060
383193388,383563875
387665375,387973854
364123665,364295440
364568588,364744035
401707008,401870229
437065024,437404510
451352649,451691108
439956345,440110869
442931553,443089346
476381026,476539087
436506721,436812528
434909778,435248127
434783455,434977663
422385399,422557873
378962606,379261878
412649289,413000056
407043026,407258958
448541341,448698151
486056225,486223727
516256871,516412940
467670337,467999390
467581907,467703088
412874229,413134634
413418572,413543297
360354906,360610019
379920160,380040151
414784684,414899813
445116693,445231941
406215619,406473540
422863660,423014724
452564853,452711736
414495898,414985764
360869287,361137984
416923119,417043156
448264958,448381078
463041316,463161464
493913147,494036194
551077942,551202433
473374991,473641166
488722359,488825203
517776614,517934127
462689887,462958779
455843498,455976266
472830527,472949124
502811892,502928021
445276033,445398775
462881617,463008024
476114093,476294724
505223589,505382196
443805125,443917462
442010480,442156741
477934910,478103568
543548746,543665314
556667671,556795187
554398526,554517837
528152022,528363550
530113948,530242092
432745176,432863096
458588688,458714095
431947370,432184290
483564079,483689615
510465362,510578738
506297098,506642195
447726926,448043480
495213641,495381745
554487447,554644579
446902361,447258177
464921343,465125418
460958729,461109685
517581921,517753124
456840763,457157155
451108473,451269847
500614195,500958701
476403389,476623260
412329970,412497886
393156416,393287579
363857251,364069267
420863996,420972461
471386318,471501441
443966371,444098675
425026941,425188684
472636149,472757553
390311047,390429996
466569833,466702702
452681883,452818294
439751230,439905970
523246799,523395526
503192010,503543725
440157927,440510695
460884848,461222805
470113977,470469574
406196642,406528899
389279224,389649763
363665902,364000879
381245884,381383329
369676464,369808139
338666490,338792991
361636762,361758595
347080686,347218760
322545486,322675827
331505906,331620894
317527305,317896373
323211102,323320121
343139761,343280709
351155621,351272615
340419864,340723933
357255988,357583411
344917808,345265025
350267700,350603463
339994188,340300862
376602891,376931869
384094211,384388811
390237332,390532446
375732888,376057669
410355279,410522159
392048772,392382720
377108087,377437796
363430750,363745349
372608214,372899574
351501751,351801966
374301919,374627029
382288949,382590863
415964405,416293642
404870709,405185909
425464395,425628085
444241421,444624377
432394760,432776942
410881843,411006910
447605187,447726278
461817506,462159451
446613940,446737515
481454044,481585322
500119313,500241623
479961213,480296627
462121675,462460666
457083068,457211216
436920828,437054488
449974412,450096627
471406362,471533819
457244720,457365983
457331002,457453560
492028835,492156666
477099621,477245897
489790398,489913730
492863265,492977951
478638151,478747313
478153359,478300317
461928579,462038263
447529578,447643238
432001544,432117723
453701853,453833428
438389924,438509754
441122019,441248116
428020349,428126022
447449112,447571668
440762510,440870169
425290720,425638458
406982274,407292414
412614877,412948651
404611989,404911783
376796742,377085970
413469326,413595264
537790837,537920463
604885664,605005208
643974855,644206198
761635040,761778652
796406062,796523705
740264330,740386895
680343898,680467720
627720933,627851721
506664451,506771912
468155450,468305430
381026592,381371763
375698948,375805244
367386515,367500333
393578742,393710839
385046614,385156631
404680599,404959342
379968613,380207119
404437496,404555108
360794584,361071254
328294832,328773441
321663914,321809173
339117370,339239384
294598559,295353915
338538858,338652817
361397115,361515761
380394731,380586177
379175942,379314900
420550526,420712174
404004681,404305247
395322313,395650344
348786639,349142974
373260864,373376143
350722960,350835682
388617331,388731944
412587067,412696417
450250987,450368706
406562620,406858421
441087024,441202998
403489796,403783277
355718225,356186388
321717600,321859836
374643251,374769924
336654432,336763292
345538039,345650785
385870190,386003951
419886920,420004939
397197569,397342490
406396415,406524886
372307254,372489280
353811511,354118248
313579449,313741883
346752317,346875116
310256347,310433748
342857970,343038995
375695076,375819418
381435087,381559941
342406312,342555112
371816192,372156490
378254972,378442571
340819338,341123220
304334989,304532630
313480599,313595164
318907879,319032912
343885239,344018526
350412263,350545867
379943102,380148649
345615728,345793133
365028794,365145706
347018675,347202201
308007949,308367382
316370690,316537129
347953951,348134238
323754423,324139757
329909461,330023268
362009815,362367870
384501190,384669502
389969220,390127797
395855201,395970280
401312558,401464806
406566797,406905992
381204032,381373428
404491455,404607632
403459895,403560822
467506523,467641599
488314086,488430498
490138978,490287493
470892493,471071575
530733862,530838764
526238924,526353695
501984486,502333670
496114350,496257458
502935962,503050358
501326467,501479043
454053035,454166918
456129503,456455682
519956704,520077096
520440626,520574743
470338307,470447491
412202285,414727840
440645232,440996490
432917099,433061895
492997248,493138910
460332442,460580884
516172003,516279913
578774211,579104105
524555752,524706037
520715679,520866283
548756163,548875854
575598861,575917376
569075215,569422547
505531724,505791413
485818849,485937534
479778635,479897135
470718524,470824650
421045694,421157513
478173275,478295771
447963164,448202580
437106301,437222235
406854583,407142521
374820188,375249834
365599372,365736057
422043550,422179917
399799289,399919848
434600099,434705333
488861691,488979470
483784921,483937207
478570944,478710076
506273740,506388585
489461231,489624441
480979207,481323772
452336253,452487377
434647367,434793303
422432235,422541496
418508633,418640787
407096015,407214407
441019780,441133539
410509714,410659080
403779909,403911501
405697698,405852182
381028670,381349809
360508200,360663801
396009359,396327084
398635744,398778854
426785453,426894371
463672447,463801904
457749933,457922475
439028844,439165169
455218563,455548642
448776969,448923560
428730921,429063712
429491250,429635466
393948024,394289958
410029606,410159532
412958299,413073610
406606490,406956173
428483969,428651293
431100055,431252532
437949397,438279291
432991351,433142902
434308431,434614961
420777127,420926069
442905688,443243961
437114787,437255757
444115276,444421753
474616922,474945282
475669047,475829060
461757284,461912435
474398234,474743024
456087468,456251812
442796648,443120276
435255424,435402368
437468249,437792921
418335218,418687195
451458862,451767654
453397788,453747848
465346554,465495907
458850829,458997706
486602034,486938599
480199151,480363884
473759092,474081446
421653822,421805653
468731739,469058677
460537519,460886537
449381659,449730482
467116138,467449735
493326144,493491351
473672803,473817699
466835220,467164637
444164692,444359995
424318521,424639201
419339436,419487090
445374345,445714068
422887439,423091308
441264070,441383017
468693919,469030355
456748755,456900720
449267147,449417504
468017759,468192461
510296569,510460098
504259712,504591781
482508300,482692181
466002366,466118256
513417354,513551662
458165353,458347180
446409507,446529076
463242677,463360275
442653146,442819434
384560022,384947908
392519010,392667982
370088151,370293245
410573751,410724192
428985614,429099978
439968960,440086326
434433695,434604908
451851280,451968012
392448668,392668534
432784883,432936073
424656760,424792841
398906056,399114872
438428602,438759201
446580412,446711139
389389036,389579848
363010872,363405291
402759593,402905781
339411697,339816913
336547457,336696570
345060363,345194269
383348097,383499187
355792980,356054253
363825035,364126962
337253977,337457822
329812203,329921696
299676365,299918385
319988118,320093973
313504976,313614610
349620900,349728937
323912351,324112063
343269237,343402753
342787714,342909826
315663903,316057514
283958763,284188658
320893656,320996114
318236067,318334809
316861677,316979311
383241519,383344707
398635433,398735198
373570209,373821390
401169611,401296454
359663859,359984875
369273586,369723143
363231388,363370808
382626116,382733081
314212433,314501278
382721095,382849620
402676343,402787183
430839149,430950792
412068360,412220957
427955596,428290597
425994365,426137570
420460639,420769948
353435530,353587435
445924132,446038058
439615320,439720249
386349513,386516164
384980921,385091200
415866609,416038874
337791574,337928767
355270989,355620126
411092848,411260437
313158620,313490361
380352563,380498582
409281159,409432603
466838784,467162236
447537723,447671364
448932031,449062352
395089349,395276323
393184182,393324623
371676646,371997311
392498906,392653820
393296087,393638073
451616354,451772139
393503021,393852773
414356392,414499015
407128691,407459492
351930114,352259276
334711518,334866845
394032864,394181221
387186815,387521146
377250196,377406998
435764115,436094642
457148918,457300110
435168085,435489561
425876430,426163718
429510396,429844141
412860038,413160302
408077732,408232488
427313993,427467098
432435024,432770434
416847591,416994135
437548897,437877431
428311983,428460267
420718899,421031237
404728840,404829905
420576601,420893844
415009389,415347573
421990914,422178505
411259384,411402292
428563936,428888093
407199562,407361282
399022192,399308838
383968421,384111953
387884897,388197188
366932803,367264993
380775967,381095028
388307170,388624027
405362917,405537628
387903586,388039665
401899186,402222709
384715743,384856462
367793368,368080598
348038309,348189239
362499136,362605276
345720763,345820377
412150740,412465941
432457294,432759123
447236463,447378832
426080913,426254731
492006189,492337040
425278353,425428141
404381750,404717409
390724346,390866997
405195280,405315018
332837430,333150000
355198411,355509466
370294119,370413094
437948145,438116727
423812197,423955051
445522571,445869098
449090959,449270699
434821405,435118771
353889628,354061703
429924343,430032345
439715268,439824170
432869772,432985758
502401106,502541157
528105828,528275318
453234656,453378351
446148236,446475878
415980371,416100673
345347723,345658770
352438097,352590645
373534244,373639085
345262439,345386353
379354734,379464959
401843418,402124885
397232396,397392895
401992678,402143201
436017777,436336298
440386541,440570912
446733425,446884910
419067487,419186950
412014238,412326591
417870762,417984684
375532556,375726326
370831526,371139082
405165438,405308500
362910431,363031660
334105845,334308571
353622145,353774616
327435913,327778500
334418773,334598369
366409491,366521957
385626963,385739585
383822931,383975793
418368744,418476920
376035308,376420658
378842466,379148347
377767380,377908740
393117948,393295121
398750591,398922846
419756311,419904541
376693415,376915663
392873465,392977323
380796109,380947703
338129449,338529736
337337845,337648097
355634476,355951017
344495900,344641322
342112816,342279088
363437245,363746607
380039038,380178552
375396622,375533389
373338486,373506898
355385867,355668093
352645217,352944962
341254623,343596379
356488675,356801379
339183154,339463449
422519470,422630849
441081784,441393300
438000853,438155435
422956504,423098107
509306857,509412136
451716230,451887862
440043144,440339747
420546822,420816569
418931905,419084797
357784448,357920628
347241932,347352589
346607225,346777933
431171790,431312683
415440642,415720105
406114094,406219131
430380758,430552637
412630990,413116190
354030610,354173018
436743926,436895019
462240510,462397120
444590891,444701382
530063767,530216024
523689945,523830339
461846782,461994864
443424828,443535161
442467742,442788750
383844534,384166873
406426046,406602220
396109908,396256020
398464666,398596300
371695059,372016695
364446199,364600347
346732264,346879991
371260917,371418387
347504628,347656885
382318539,382624401
407012440,407350828
406997890,407136511
386299553,386457299
422223938,422385965
424832979,424943161
407430536,407594516
383553044,383734568
384067172,384208939
387034558,387136933
434341811,434671832
437824858,438112321
472891240,473023867
447180177,447359246
497687937,497847706
439599437,439701555
409403340,409760567
420278959,420440133
453032905,453186114
394734277,394844280
382174150,382466898
417210763,417538235
468888762,469026301
470057475,470215446
452221144,452369935
460264688,460382236
463791642,463934573
406827514,406988496
456475468,456617200
458195231,458323086
438493048,438683760
488488071,488823468
477735882,478043027
417210463,417348440
396486365,396689728
412755515,413032861
358384916,358548087
361111935,361213250
349019444,349162077
364392467,364662638
364919180,365071493
355445473,355717061
335151914,335346025
335590699,335882652
333877497,334027902
321228799,321390309
328230039,328517800
345723544,346160086
325383551,337247342
320363254,320736181
334614213,334755331
314419559,314810964
308285179,308422563
321230201,321505168
341926761,342038578
326826762,326928902
343693931,344121351
334715414,334879317
331227564,331531042
319251338,319567243
335649892,335944430
334968268,335272635
352149082,352325184
334241883,334413695
353891628,354000973
367308854,367438556
355801535,356115380
342516923,342663603
355673239,356012782
372558042,372671936
356225936,356336074
369276728,369417903
429589954,429739462
414517498,414653233
394982519,395100430
419433526,419553504
405706215,405798880
371240007,371346568
385664347,385776170
410372548,410493135
363158956,363332049
381804363,381905610
365732306,366040858
375660378,375987799
329556580,329906965
329873303,330069533
340881979,341198838
364634552,364969398
349539770,349865118
349344558,349538472
393845906,393981892
386147881,386269522
337931683,338282891
369806567,369929287
419587179,419714991
390005240,390107935
415999242,416121988
416887317,417106199
364844749,365189468
333897781,334004583
315903070,316112124
270351434,270526107
319776734,319891591
319526668,319726628
302398045,302603875
321155946,321469793
323160001,323560636
295729303,295863157
343688168,343852573
363383472,363542683
371462222,371630591
435251776,435390092
417738907,418154005
388190117,388515087
408519548,408665264
396937750,397096198
386837196,387161082
406100382,406410302
388320441,388520711
395639939,395775038
365051163,365185679
346969216,347170933
368195985,368376569
385369405,385712889
356592167,356739229
337448922,337625766
356922241,357240186
365998758,366155368
385278122,385419158
366413156,366604323
383569242,383714987
406537880,406680938
375624420,375934686
383749735,386115011
404892261,405055499
386877402,387231835
395141469,395451153
377119264,377478788
340862226,341002191
325180527,325549654
345294912,345603163
316306737,316597135
336170839,336462768
315992935,316347857
336986513,337127122
415377648,415530646
398668578,399056728
381327509,381664719
399619230,399759556
478903879,479242130
390248429,390559002
408436329,408730492
427767011,427893681
410322685,410646238
321336478,321482072
329025921,329177405
315686007,316035452
395228622,395588078
415452653,415593431
428795885,428951490
459488222,459781880
473226119,473520288
201211190,201374164
363296900,363608169
483641187,483774023
470622268,470769162
549154287,549518554
564289558,564611632
474443046,474601844
442906958,443046438
408584951,408841040
326397950,326714604
358207037,358502019
370304859,370586082
343267017,343408055
375410571,375582995
386245466,386531446
357839088,357985416
388671461,388842338
417506646,417809585
416202648,416554155
447634864,447947720
422811661,423099148
389304719,389608906
386569222,386730659
399167870,399308743
370466782,370789031
401486497,401629978
372828494,372966228
385391172,385579952
361448199,361764010
334866300,335178881
332666984,332997880
362769950,362911178
336626389,336777253
365198169,365354519
397347068,397658206
411037442,411361147
406372821,406530774
435121784,435283285
434247031,434524966
431872483,432235803
406219703,406551366
419204504,419349067
418163904,418314323
367266001,367415875
439194085,439490699
470461935,470603457
444282610,444427672
450246494,450358940
425643606,425948451
400137795,400486182
400468859,400777316
428128340,428272292
403542146,403676645
391722613,391875103
420120193,420432208
428987133,429148492
425192475,425339523
413384468,413535482
435674604,435832756
434678021,434977861
411567797,411894137
418098417,418259502
439286877,439407904
454325548,454481548
461605106,461903656
452156494,452308574
415062082,415201985
439585607,439901391
388415672,388768144
364419721,364725973
388283712,388577911
375909988,376221019
324748790,324919976
345799746,345891583
335548203,335841811
345500356,345645287
369940939,370082421
379371506,379494137
406129274,406404261
428306016,428625575
377627541,377816303
390951818,391100753
407711113,407860622
389571875,389950257
404730946,405048078
425398750,425545019
371391017,371581433
354572462,354952853
380689317,381021189
329656555,330034395
348970670,349114035
367725336,367858268
394523216,394656789
456732330,457077941
479767402,480066883
464213182,464394505
481304073,481448496
541266073,541605314
436827153,437156783
467174659,467331511
494038359,494183685
476378907,476750461
387239174,387407988
412312912,412679817
395199663,395600269
457164232,457320156
481136230,481274952
506560442,506734674
503375043,503712589
545912990,546230141
459419652,459738206
517631317,517784140
529047541,529195002
519180501,519340718
578542851,578876552
605481013,605628707
516561472,516727755
504905074,505012395
504046483,504364682
416097069,416425540
428028106,428353513
452281060,452430087
451872868,452048712
429520408,429650740
455437938,455783762
444476210,444626477
454946700,455101679
431618281,431728417
470186914,470352443
473499109,473835997
482858364,483181587
470213269,470381004
507139403,507310078
480691919,480851546
470069465,470403991
438573010,438714552
444737762,444880077
416414195,416521001
407380002,407628321
407005046,407183924
447127379,447451618
421952895,422075479
411245980,411487739
393033434,393185230
373160641,373251997
346453249,346560093
387845809,388167178
368182814,368309973
387371199,387518722
393605737,393716672
416656210,416907903
382921767,383023972
377707818,377837357
395797903,395963370
369212051,369347417
325129158,325236897
345022081,345273361
339558619,339894905
242660222,242852335
309345273,309587904
324433290,324537416
306345807,306459607
229801244,230136228
307651064,307763564
310785734,310905207
311030436,311193978
325179857,325288266
386500861,386624607
386225170,386342256
402134314,402262699
301827633,302156043
339251343,339598012
365843446,366174737
401993594,402323506
401146830,401490871
462405886,462545087
362819990,362990712
469178031,469294579
444436999,444567274
345380118,345555617
412486013,412598367
470660021,470994531
440205426,440320041
421424091,421537950
481602546,481924851
517756329,517862803
517953351,518068285
498857950,499176233
501962985,502142052
493263497,493396305
474367467,474694478
510088363,510405401
516488889,516808863
463230772,463584524
499633525,499952688
483931499,484255224
454261802,454580529
400480186,400828451
460115048,460284189
432721109,432875686
435000409,435322069
414889025,415264229
474586318,474916340
452366589,452689847
432003278,432328996
380423941,380599649
382156992,382305630
359790039,360096566
359657047,359823484
363110770,363276877
422949170,423269826
369650680,369829327
369755078,370032165
358853130,359022760
304890889,305228450
250575585,250707051
341520679,341667164
330026293,330203703
316930767,317089977
378715090,378856406
379142794,379283768
356367442,356501389
340326812,340501994
371084609,371398415
347977275,348284841
334680595,334883086
336286872,336436808
363023170,363165518
385698982,385841403
380516642,380646639
373365224,373528853
361890579,362059358
384977875,385138044
379145282,379449714
367460102,367821749
393926562,394059123
381731310,381887466
369447578,369586076
358858551,359005372
346745939,346888442
371874694,372017824
398151813,398299537
379768939,379912826
363905037,364190918
392084697,392399151
383872675,384015760
408960800,409125440
393671533,393812108
393269263,393625820
416741720,416883620
400551224,400688634
392744153,392886801
384228387,384384940
440932932,441254377
435760799,436081892
419442797,419573414
402464596,402605789
453060500,453230449
393762540,394129253
377888691,378025984
377389469,377554555
361564931,361711679
297371820,297731310
344711557,345016005
327817260,328112912
381731281,381882685
380127701,380297848
424003957,424337256
421540980,421852274
421053294,421237830
359159802,359343621
409279485,409424846
407539527,407854874
384663160,384988241
435911750,436226029
483615094,483754098
422778935,422966027
400256166,400540477
407371830,407728282
346718074,346886160
336856350,337035104
388187066,388332939
393849258,394212957
410522063,410677736
457379635,457696279
435508654,435649375
430389617,430550132
444458998,444772472
423165253,423452622
419903536,420057329
428101786,428453113
400617221,400906002
382071030,382380038
421938843,422056796
398559297,398674825
414649969,414764406
410047441,410228411
446107268,446227521
403644154,403810746
410879895,411056134
388771783,388870754
402782115,402927862
370201761,370543889
384497726,384837431
401498542,401817618
423927371,424250989
403042014,403345528
410635812,410947697
391046261,391372243
319525110,319665365
343073200,343247185
366927646,367285385
333251224,333521382
364575109,364910072
390406348,390730164
398803945,399101960
370744987,370930507
386456623,386769056
377724282,378019247
349462868,349633622
329571317,329720179
334364008,334699024
328887769,329166004
363725496,364058402
372846153,373155032
392856188,393015578
371750375,371872031
407302506,407630857
382919371,383064450
349395084,349534601
353967418,354094712
369130037,369461993
345399192,345745562
363831727,364149947
380220409,380534551
416879043,417029033
407070498,407213075
423533677,423902331
407458889,407612602
398313709,398463318
375650591,375974038
410579711,410922623
392768285,393087969
370091062,370427704
405675739,406019039
426148552,426299112
401831149,401971598
379161683,379486116
397142713,397483714
373785950,373940548
357236174,357380762
373980666,374305814
390990955,391296512
389509871,389796741
407697900,408023464
385085449,385252687
433800831,433912419
432042702,432145032
458827253,458922534
437405010,437512844
460338774,460476442
370751580,370877285
395475705,395593135
370298126,370410713
348394707,348515760
346893069,346995437
363395134,363726001
339126428,339418082
328015978,328314176
346434328,346769376
373066381,373390865
371136979,371439877
360030364,360335705
368955914,369244358
367865676,368183991
343527272,343847694
368748766,369076100
378294863,378606818
361632214,361978943
387263395,387568661
376457176,376755803
351510757,351825072
333147025,333484065
346777404,347103641
323543763,323881420
331520791,331847669
318849200,319124063
332308033,332644888
339196775,339350654
328187415,328463790
308774123,309094592
320089015,320378311
326336111,326489391
313958776,314246304
324576991,324717826
337925575,338103888
321071629,321420125
310121947,310282372
347085702,347221714
331244986,331591884
338546804,338700438
351153549,351519638
386610714,386747112
380293016,380603649
392574790,392881826
351044896,351368647
434566995,434701795
427859858,427965402
491776274,491903232
488593520,488728764
539049298,539160673
485414991,485527185
493455379,493568132
392269633,392410925
375045148,375152159
369481985,369596087
400329174,400440426
351138004,351486101
394450897,394561494
430920357,431046416
439921131,440031309
434121478,434233319
478195172,478304989
433234040,433539901
427829795,428151101
380438839,380622550
390302925,390647487
343114063,343257206
369572463,369894805
375103535,375446210
422066580,422411635
375121800,375287309
401252287,401358478
374561786,374726273
326878652,327228584
281903461,282256750
324546298,324868801
296349970,296512557
293051206,293248588
336331883,336672694
363043296,363171757
316590627,316722441
309015248,309210998
337664477,337943496
292379460,292682491
265464758,265632097
289227748,289387472
317587890,317872550
298697746,298973822
315126369,315228736
321056497,321275617
294548571,294876989
272953648,273216402
322950367,323270862
287017187,287343540
327492869,327630843
320903334,321288741
369837821,370018003
363898217,364036620
358523639,358883650
337344530,337592974
361701760,361805698
358625417,358759245
323204169,323552838
352603701,352876594
402614234,402727972
384104242,384368618
350148769,350321701
357555437,357734488
336340267,336777302
328262914,328422306
377753183,377868951
386512773,386698429
411225562,411534287
461068643,461175952
432512142,432695340
424110579,424257706
447203943,447365712
506131660,506267776
498796493,499095773
506838599,507036806
474142680,474322103
531772732,531909980
444209966,444354502
411820453,412033135
436526932,436619861
443091479,443278548
171285948,171448519
254180892,254363257
332872633,333026684
426193567,426359836
452597190,452755954
428741188,428913016
455490334,455602336
457376135,457527573
374401348,374589759
432685264,432847677
437568668,437809626
495751342,495889400
409341306,409511974
478379912,478531861
391281797,391636091
355942844,356159848
274616305,274737979
277608124,277869593
255986995,256110252
260800987,261136283
290098721,290352649
298196590,298373842
267082211,267313981
271710574,271943421
249566974,249691007
268196201,268316272
245359143,245481456
276267837,276503422
248564592,248809065
246703660,247159239
247021622,247288230
248900162,249124817
266827676,266940782
299230612,299470344
266647525,266896827
260747618,260935573
231808715,232032755
225726527,225985803
244914130,245013994
273907131,274344780
308159334,308294911
338179762,338422055
331254237,331663280
328408498,328681598
345388727,345516027
307716674,307846136
323331218,323456165
358661006,358809265
351489914,351676335
345973923,346210821
319201370,319430207
332298940,332518643
292318250,292437970
325267104,325410059
317711979,317895723
343982402,344112880
339315585,339513439
334063416,334370327
296680310,297050577
328664849,328972688
367063227,367215011
395985731,396134850
423933607,424032765
419632428,419893053
380471874,380612064
323718474,323844554
274816086,274938967
324630548,324765293
348993303,349098727
342344984,342613653
357858747,358012470
349005915,349280122
296180614,296296823
330614849,330744980
357421967,357536273
365631108,365731427
391713112,391818175
408270968,408580005
354281259,354408128
391059266,391203046
383692829,383790960
424247938,424413118
428088682,428199109
443463963,443611771
389561159,389682549
408958836,409079180
352310420,352439982
350618576,350710724
358343623,358440922
373381142,373511752
327263354,327453730
331384300,331509231
362256821,362377038
360992646,361137903
366660527,366773162
395778682,395879513
403891597,403999679
357097540,357287605
378099855,378218759
375933183,376063643
371357246,371510926
370120889,370243098
399622049,399770130
354578695,354771319
374406008,374545317
377331318,377478890
393643314,393770809
390956230,391106927
421319356,421426913
374729516,374923887
360929107,361096514
315311302,315499388
316279203,316390138
312607070,312735601
341528321,341641354
336688239,336818461
366400023,366493271
344191865,344376000
356060689,356168154
351034602,351170949
333956295,334161820
332958065,333108383
324229589,324345151
311775133,311926373
316024377,316130760
377532705,377649528
368104385,368210218
366814274,367026160
363118079,363241148
349361730,349686551
318150997,318505489
304604174,304748248
358598675,358705670
354362911,354569132
346355733,346470005
366177841,366286406
360618990,360741526
326429395,326590042
393214397,393323015
379523835,379723073
353796203,353933406
341400990,341577917
355466001,355582246
327555427,327703932
388634487,388741148
413623310,413731682
474263164,474367632
449761233,449896179
470119726,470227133
438376112,438536648
387780448,387985113
358482287,358638197
380988966,381090707
360423741,360593326
375271068,375381379
414098099,414191521
432331184,432433202
383209210,383392282
407557639,407666228
384541696,384823683
403932741,404088791
384202199,384320248
421999940,422100435
373757362,373952519
397825664,397956308
373322865,373423179
395128385,395239224
415403437,415566782
452837640,452931700
396972462,397153243
385664960,385794097
335958340,336150778
281675495,281758921
303876926,304010112
369023777,369120726
331266387,331381940
423213774,423321522
415756679,415887212
391520712,391621049
412769047,412917776
434158076,434307487
401543578,401779480
359034980,359140229
409152411,409233921
383714259,383822054
330891724,330996803
424459683,424592874
385358202,385595977
346833863,346943381
399207453,399302339
381253265,381358289
419405526,419546700
480192349,480309328
448514275,448750110
406843048,406951462
433697992,433812167
449529574,449660489
484282595,484421195
543800864,543906432
513691725,513949061
480866140,481103493
454722795,454876606
403683025,403777204
438254886,438414569
500827626,500936813
565921629,566048757
595111660,595224656
569499668,569633969
517407634,517521364
553567687,553894812
591343422,591496917
556999853,557138293
583055888,583169838
554972412,555119708
506110304,506239710
457684857,457781920
443838248,443942349
409818220,409982610
435895361,436003279
410015246,410319037
385137673,385297413
388694420,388826256
374899425,374997111
339836722,339976124
367103869,367210883
395366653,395492156
401473201,401951424
404087043,404217454
389232003,389329093
356245602,356544279
322766271,322911304
327126851,327266054
335213893,335654717
336799137,336928415
324777765,324871202
310027062,310132522
326430795,326747369
330026412,330177639
337870536,338343311
341002637,341365298
345306097,345426552
337726371,337873987
338088243,338414036
350176889,350317715
361852958,362076864
367176328,367609843
340834038,341153989
332100729,332406073
334675088,335003746
347790695,348084889
353756594,353908401
325855274,325978675
298914098,299263737
288263769,288561447
289307631,289654129
320281688,320605847
368365298,368695360
334467745,334764786
304500956,304818322
297981517,298296112
290079301,290232674
275336674,275504945
323731526,324071327
290990635,291314388
266172724,266493597
240165193,240533885
277112866,277426194
265122457,265464940
298264033,298617089
277700042,278040576
246311786,246471630
235135059,235455938
274923542,275264726
259169289,259358810
307139821,307462957
355893588,356207048
322797508,323153297
313452667,313771541
351039836,351397514
337859313,338209870
326241641,326411693
346712780,346911090
317305498,317666984
304661698,304987866
343497692,343813171
383953050,384263883
372778349,372904886
394169334,394368984
350743139,350910359
352575864,352881171
341682172,341822317
350830548,351109381
338306052,338415723
361256475,361447915
331560286,331911380
303302707,303663228
330277449,330386344
341822881,342082947
329797679,329897503
351021158,351213540
372038211,372235049
350544422,350686507
378722906,378835477
388618726,388923359
378168238,378275311
370411298,370511841
388006975,388119345
322735042,322880643
391592807,391702112
403066958,403327584
414067317,414492022
376315968,376431921
392556594,392662221
370236715,370403907
397796159,397931912
429146711,429260472
451257652,451370916
413998790,414128099
429151803,429266812
407507768,407827477
386394599,386705708
450539885,450697864
458100249,458203207
431978995,432116112
449932709,450044025
468347895,468482710
397824697,397928814
461920142,462063665
481043335,481206393
442184163,442470575
404456303,404738519
428838099,429006409
358416204,358527356
420802157,420948966
443610022,443720776
466324257,466657581
424313996,424559807
448779542,448925036
376423784,376563348
437283311,437623789
504556883,504876343
511940045,512086599
459360711,459631276
493474332,493629187
423745297,423852575
350190613,350298775
380150419,380320232
389272403,389432652
347031674,347473940
373398198,373720515
398934324,399255698
356221656,356360587
371650401,371808276
394148474,394309594
351577092,351836072
308251481,308686249
307981128,308123160
264206641,264362699
292975501,293299395
301045051,301382922
311956610,312294845
366561953,366703061
367332009,367492572
321847747,321990846
354933099,355272287
387101273,387432112
349747008,349876060
401266692,401417468
397403539,397706136
357542687,357844435
315951574,316268205
348981712,349157384
312473675,312625347
258667920,258800087
322081691,322215384
361843389,362141130
228014695,228348133
339540132,339812572
170166402,170476688
283734477,284037574
397333110,397606787
405156457,405300585
360178835,360507441
300600100,300928162
376363119,376658530
284412322,284709913
334196054,334510578
380133147,380465734
320673041,321012833
263679595,264006266
373149954,373452993
292925530,293219411
392601109,392917792
293783905,294115924
377605199,377906729
281513549,281700507
241580103,241900002
329540743,329871583
245523665,245857149
343983381,344257386
260457157,260767700
339626070,339794097
258778845,259105352
359095149,359410101
288349422,288677537
377088642,377422287
291114429,291288126
388028102,388370163
349872863,350024801
266044442,266371072
350332150,350493260
385390916,385536853
388671804,388981998
385681393,385981125
381681378,381995583
377692585,378031787
382843641,382991566
351099235,351410424
347046379,347218792
341735318,341934089
356526985,356641970
327837130,328196843
344128026,344411384
359502948,359812181
374765706,374909696
379004240,379304898
397010623,397145327
458952797,459092597
461397056,461533632
466827740,466949417
434662793,435160657
497035462,497336513
435429727,435725381
403048660,403352733
368504513,369054622
383890909,384166915
326032579,326190425
307265881,307523014
321507773,321690330
337709972,337857580
397634073,397960797
381533343,381775698
410717713,410880915
473550920,473868209
531588274,531882521
473081271,473366701
503346057,503466988
475856027,476064724
416539977,416646473
354737531,354889039
334719470,334955693
307972861,308216065
338206707,338302026
319841058,320099886
297191546,297436201
325062346,325151278
357432184,357521807
364083869,364219878
389142871,389241079
422034674,422160642
391958292,392232869
398271787,398393657
413479582,413582705
385015354,385239846
353964963,354208181
383953926,384081612
403799118,403903100
387968737,388105697
417061484,417156606
447946984,448047317
452079874,452218720
437957677,438083755
424772460,424880657
426807536,427120150
427263974,427411084
441815540,441943622
429875581,429979835
425774319,425919436
441446514,441551898
457235034,457348617
441922473,442077003
441578191,441710185
444036706,444132491
427931114,428243193
410186489,410317696
395996256,396092862
398964650,399080241
418517929,418670475
404963342,405066596
389911063,390008869
386383091,386518971
350327322,350460329
367262656,367556150
364241432,364523970
360353665,360504508
361740493,361840469
324396040,324848373
356391058,356528470
362830806,362948532
358604736,358712039
383815499,383956947
416911631,417224055
425939283,426093318
444652207,444990894
463352214,463495819
421635054,422099541
429433727,429765488
437967140,438095608
399838143,400081727
358888655,359401699
391154432,391308760
404572188,404910805
349714775,349965035
379609134,379938808
413436528,413761167
421074309,421394851
368660013,368941912
371383369,371626573
378969597,379300656
382355155,382683875
391322554,391484005
395858188,396293511
425332367,425470033
437332593,437666654
446694711,447015664
391401198,391868253
420546474,420687224
412625039,412784124
356370775,356652508
299663606,299947973
301477032,301744229
295379326,295689232
280535213,280658195
282973666,283247873
282953312,283402551
314827864,315140422
303555215,303851026
334779217,334929068
360465326,360783728
386556130,386893733
377616386,377748076
408065636,408356741
399684168,399832861
390416137,390728372
379397432,379724973
363244151,363535501
359371440,359654129
356072639,356194494
341994595,342275977
326599105,326906500
356394208,356531548
355263327,355384971
356078977,356220331
379368246,379644573
413448940,413733399
406886649,407169028
409782550,410070930
420039414,420219538
411519840,411845661
403103455,403252278
400401846,400541373
412298682,412453911
395022921,395180802
392724152,393035977
385224384,385553120
389551490,389864676
373130485,373271244
351736984,351937982
354681144,355004069
353939153,354279632
362037001,362167507
344208687,344588207
322622198,322970258
338913277,339233713
349442478,349759656
331800745,332127272
320347772,320685877
369168479,369308107
352716589,353001162
336474084,336765661
312487657,312691943
362441102,362764340
373214340,373554987
351926594,352120315
329534084,329739441
314019142,314337699
327210812,327527389
292051730,292215400
240893783,241066712
266344910,266524215
312636611,312780290
284044448,284365239
291503506,291657611
340161907,340514663
387470174,387785458
396453644,396782812
407601417,407746304
420178008,420505754
428370300,428690846
435362596,435513363
403971023,404125765
418851324,419180293
405833334,405978290
375818961,376162899
342555609,342718689
347581501,347875336
339017486,339321854
341530401,341887074
349350644,349674228
355804507,355955800
369937352,370073835
374113412,374434483
386474823,386620392
398705031,399017099
410423725,410724972
396187509,396469141
407463460,407600256
410814719,411144082
397518622,397859467
382140144,382307075
384726318,385046350
389052422,389368071
397203005,397365977
399545286,399834215
400444533,400722209
412329890,412638536
422605003,422922489
390452715,390725157
402494824,402782248
412679605,412853192
414530328,414673299
384422968,384693005
401501970,401657783
403936632,404257623
403436358,403769949
411055294,411376244
429743516,430064305
437312607,437625826
443941148,444274626
451518303,451681851
420872315,421027219
430383446,430699876
429665563,429826732
396852113,397150928
363748598,364041737
379973422,380302679
381025100,381325558
343113434,343451712
358506623,358899100
375908018,376056055
381381893,381516801
344816629,345170597
348618705,348976334
358428707,358731347
364512287,364826669
344956162,345251470
367125164,367458772
416750169,417054745
416186508,416521539
413474948,413802824
373905699,374078986
421737070,422056060
401470611,401795109
366865983,367060636
327572236,327744696
329130635,329503328
309040222,309370065
287010394,287235766
288786676,288927894
289600034,289776338
339472487,339616651
315862621,316130337
334128588,334271318
383985857,384292923
432531348,432868296
407874578,408032205
430247046,430408715
389179924,389329677
393775994,393878660
372076545,372211715
319138524,319577681
338826667,338980768
256379248,256634701
274566274,274809509
245908542,246144508
291371600,291477293
246375880,246821501
277369232,277511913
331611830,331745042
349058849,349172224
337367866,337659752
365479435,365816413
357935382,358081536
346362503,346642732
331195161,331345934
252016667,252811693
310763685,311096798
308228567,308412067
227965497,228226151
246541258,247031612
281303871,281625710
315911681,316107705
330595749,330749860
357517392,357829118
390679212,390995820
385672730,385995702
403366170,403523918
387289847,387437707
375483607,375783545
365502725,365802392
363104643,363438163
347717823,347856195
326698908,326961481
326525620,326713840
325859048,326033088
343456138,343788451
325176138,325434638
363650151,363786767
382456550,382765201
401772727,401933014
388636914,388916146
427195543,427354265
405185831,405504635
391107560,391389332
376920577,377054040
357614184,358089987
335460224,335592622
337798918,337942734
317999088,318268406
299830325,300272509
337894730,338216455
345703570,345844088
342179072,342501784
382794261,383125450
426625576,426953498
405139060,405459541
405263093,405408085
404283921,404459015
381070400,381395591
358650893,358786182
362017366,362330122
362546854,362688799
361514710,361816219
365690115,366000031
370985076,371317388
370023481,370356785
370693443,370844489
396229821,396380016
396640059,396982176
397918244,398087262
398703190,399028968
425346990,425502788
367425579,367785458
367562038,367885271
368167862,368490970
367855878,368204810
312302332,312438046
335807152,336173537
332652379,332982651
336564360,336710551
362603339,362921480
390149900,390535585
395232181,395561669
422597748,422921628
450068347,450412677
393840052,394167711
398810294,399093625
371842167,372103469
316071683,316172126
260989774,261098123
287710918,288079916
261418274,261672223
300054238,300160152
328252478,328444039
352847630,353057171
359229086,359528776
400368717,400472823
397293918,397434718
402037466,402152892
411320679,411465463
385548225,386015629
383970676,384107725
301684016,301786885
351201498,351449270
324702822,324952955
365343164,365443892
364330655,364461575
350134041,350261700
390298346,390402576
429287742,429396409
433293589,433616462
419012938,419163881
408111534,408221824
403802396,404118641
394323485,394461641
397196024,397306669
388450540,388565404
375466693,375748305
372051808,372157173
368141401,368255962
353235639,353539079
343306414,343571281
371191150,371304716
358661548,359008093
345318466,345464359
337120323,337244753
366014406,366123291
363627433,363762677
354325152,354438427
345740624,345870685
328770114,329203218
332221620,332358659
353383384,353496001
343360410,343615612
334874840,335114730
364107856,364220934
391513861,391620535
349217191,349350948
384123812,384234963
421033963,421149012
421190814,421526882
389161198,389321463
392445104,392619061
389266756,389590703
387286913,387428263
411486491,411592172
415966908,416152071
373269693,373448873
398684461,398794496
423837887,423943655
393172272,393458423
352658276,352837182
386069971,386208241
354774837,354924390
324199557,324326973
328164356,328509135
361954326,362103867
383977552,384124179
389116828,389282492
395500771,395693229
356949016,357277489
380275543,380423344
322255985,322622473
280516792,280837277
242000952,242170438
275531341,275872737
219361484,219703892
233255781,233484737
267687572,267798784
303947553,304074478
325530328,325849890
339970184,340163973
371157658,371262930
393629226,393956487
419901042,420042635
364524843,364857388
399521606,399672305
387778529,387936557
340760662,341103446
283969735,284167265
298074347,298465277
295156401,295314460
267603402,267703039
281019158,281390695
298025116,298225599
315729163,315845107
305359396,305453327
329389805,329535615
363865159,363978572
399176880,399293379
398616041,398954915
424784531,424941516
419306620,419414739
415901453,416224151
416479288,416609900
390155592,390256725
387232534,387335220
382004888,382153823
353015088,353123811
326212235,326313649
350400754,350746168
346479995,346615051
286437830,286548424
372898679,373053042
399981476,400114013
396955350,397054344
400300857,400398553
416411459,416561629
402854228,402971280
410427778,410538316
405371514,405678381
421866525,422004800
405652107,405762628
400304132,400618406
396454754,396620274
398759595,398866350
385714101,385813592
366686179,366859369
369479399,369583890
373304124,373409647
389866541,390187526
372145362,372323871
385405303,385506257
402957468,403109740
420241513,420372440
407261644,407393073
421650076,421757712
411250500,411478070
396835762,396942584
383842170,383947779
366089765,366422550
357109141,357360531
366280826,366402951
342500352,342666134
334428885,334601887
348978160,349083730
361671865,361787664
374117235,374268911
388807066,388957456
404623901,404767792
395349431,395590869
394209790,394312399
391522546,391634487
380235001,380484862
372640069,372881245
383619372,383723758
371109440,371211153
328141825,328323062
339978796,340151151
353811390,354128766
368613433,368920388
328789642,328955447
364334801,364434539
376962478,377066318
389472607,389590083
373775192,373884033
411672415,411775190
427543142,427692654
397910096,398009212
396752463,397068327
356133966,356484396
373389058,373557459
360720103,360820805
319251608,319572716
280562627,280746430
343560753,343673208
423032389,423146146
465429311,465566956
503930118,504032156
532395249,532509585
542091483,542211194
443301666,443643213
394090673,394209168
411230208,411350098
428321830,428436219
403652441,403747846
415525759,415637955
388096547,388357401
376963013,377072356
366828192,366924505
354072978,354377524
327861240,328120282
335202097,335299972
323906273,324241122
311472444,311636700
321751985,321856821
331901251,332005196
354144613,354280013
363929571,364036487
376858839,376969687
351788192,352222128
373874354,374022574
377316930,377427311
351646470,351916239
326850796,327097279
336262696,336351474
345088181,345218264
296342779,296456821
351196681,351295579
361922574,362028624
388157412,388442363
385657953,385788799
401336029,401445460
422720482,423035625
443880834,444018055
450704209,450808785
467845348,467950800
433836337,434004952
435200114,435302428
447396566,447506060
445132418,445454286
412559209,412696355
422544054,422657651
419977117,420309645
419173610,419317642
435487985,435594362
447727870,447834731
433478731,433616021
438809010,438940555
468653355,468763553
435968605,436258949
422645452,422779615
415003975,415439364
386764936,387097672
355018166,355153464
366295394,366403320
366534124,366980033
388397068,388532325
403541553,403654886
416418729,416552098
405142933,405440184
429396183,429697175
383760470,383914126
370669561,370984932
358805514,358954007
358647951,360922602
314458980,314769591
320681703,320809047
319636006,319891534
320435920,320863280
339433557,339744097
351129309,351403520
368860234,369030544
381050121,381371613
418740614,419060670
375119841,375445719
395609604,395942746
404637052,404958073
357830794,358169396
313394861,313720653
321368124,321649330
332086412,332421316
320490884,320819168
328571518,328855922
336352686,336674578
356537843,356859378
346055221,346366869
318744753,319115490
338975845,339321282
360898340,361221347
371396998,371710343
346883168,347082215
369312523,369445334
380877087,381192235
391485425,391796276
382521556,382835936
405669537,405833645
394988073,395167829
383029316,383338537
365725858,366033307
348062997,348440650
337899775,338062883
350445175,350752282
326311246,326515503
302853505,303047376
326063918,326394502
341360146,341517076
323861629,324009782
348352845,348679673
372608420,372809424
364694477,365042807
336975640,337109281
373250766,373402103
362162643,362488432
352700545,352850532
366461998,366759585
394259864,394411982
352808710,352986370
366229258,366569554
382571455,382713866
365066503,365347962
324846365,325045178
322238956,322469766
301888936,302179458
288552185,288680641
316176005,316476200
315337308,315717069
315965889,316128426
344962849,345296387
373332261,373486593
332739608,333079886
334341678,334507397
377122965,377427275
336587029,336935210
297244849,297439092
297291213,297654516
342148647,342304528
333896995,334054381
333622640,333822587
333855392,334061047
335672480,336008969
329189544,329345353
288717824,288889411
290946142,291282389
294726515,294889963
340511188,340847246
300962346,301313237
325857989,326045684
369720435,370017160
415305719,415460130
409257764,409572102
434702569,434874223
467167093,467324117
460239367,460583671
452737755,452900100
412181796,412534469
446962393,447125601
386846979,387031623
347993174,348346386
310474152,310652006
336391671,336722696
278711856,278903633
300743084,300920351
327374427,327722904
354642254,354817563
387686019,387810239
414285314,414464233
410845441,410985057
444943611,445059674
480484717,480637837
422379187,422753636
419194583,419340180
409788174,409942378
350557529,350905231
293280715,293468929
317893572,318032204
310371150,310494020
344698639,344848522
368611877,368927222
394305322,394474428
390936358,391234668
427615855,427784035
429555776,429711433
423856804,424147051
424686439,424818613
416931197,417249042
419634809,419738157
393278253,393407745
384906729,385236558
377682559,377837361
412787474,413087320
388378218,388516452
404188400,404367285
438200065,438520717
474909287,475053546
479863204,480185343
498573826,498677745
472605576,472929021
477269965,477594068
482220879,482371804
457435735,457754086
433162512,433296050
409341488,409515408
383937778,384271115
360304646,360436096
377391512,377716269
355082920,355238514
389353013,389661669
406771725,407089850
424826223,424981119
401064174,401361265
437987091,438132827
427321628,427471944
401425251,401752130
379668329,379791120
357096032,357412020
349454821,349770431
337066867,337413366
308918707,309229202
297837231,297991456
334568353,334722144
328583059,328751920
387673517,387834287
427266424,427599598
464950282,465085067
456086806,456409132
516086501,516395295
471423772,471691659
463428714,463715927
455849632,455992839
449154628,449301134
372640363,372787525
406151014,406314390
398687332,399004281
380709439,380850817
453516453,453865671
462409993,462724251
361591991,361912996
459725117,460041121
553342820,553501840
510302300,510428041
438076663,438218932
459781967,459915603
440924470,441101424
366448734,366586890
401092177,401425471
411626269,411972961
424040289,424365109
428690057,429009005
434956921,435267079
331946649,332097790
412548575,412683027
413275304,413435559
316392377,316684691
315192752,315327173
329678099,329976529
361761419,362077603
350864179,351151923
361573254,361864036
370925919,371062556
382865594,383004444
373591949,373724976
370066595,370196662
381281579,381604039
390499252,390658758
386860813,387156434
385766288,385886757
372939599,373196428
373226343,373361303
373701143,373805247
361879033,362019042
345995407,346253850
363555130,363678129
354666998,354967424
345332302,345462228
339606506,339708904
354149193,354298528
385908614,386048583
384173892,384272541
381425138,381530690
364705618,365018273
393515520,393657223
385168408,385280558
374880753,375132988
355190528,355458491
372072095,372191824
371084483,371177029
375716377,375860420
391688337,392024923
404993039,405126079
438714123,438855678
443455718,443618750
415564436,415682866
443208777,443551269
470459885,470600209
467111876,467227527
439342612,439454558
435586295,435841051
420818991,420931159
428238891,428363658
428056402,428212151
424546783,424820310
459799931,459915948
455619534,455917473
470868794,471014404
440542433,440655322
474262153,474377454
425483218,425620158
441325891,441440580
412793972,412914158
406375226,406624262
399511326,399668153
361730263,361881540
355966830,356199205
346794777,347059583
377025321,377126071
348641033,348746786
382640471,382774908
420190393,420294653
457035976,457141309
452845995,452980707
484434997,484557113
481930004,482052132
473921094,474050435
468502351,468639762
427168040,427267634
424210522,424322104
402680544,402816685
365462091,365568624
321993297,322102714
351907693,352054312
330344446,330483848
340065741,340221977
371010229,371141952
403507410,403662705
400070296,400176958
407459587,407558254
389227615,389474694
387987003,388104331
384041702,384156580
360051377,360213282
341224030,341471514
388067108,388179871
369470098,369766509
347958471,348103031
353518596,353621012
403903920,404042701
370473359,370734478
377541843,377655088
384013581,384128425
361493520,361937425
324360059,324634988
307312030,307427253
291148467,291399957
272023305,272276054
320781538,320892248
305064506,305187778
350707131,350840214
399635108,399741211
450298970,450421947
417033818,417453608
459418740,459546821
431962221,432077730
395227943,395485718
358095987,358355332
339790202,339904235
313524113,313631220
325399327,325494728
307736664,307854403
292720748,292839017
333594364,333888521
348272157,348386807
321618885,321831121
363483825,363767369
405507903,405644137
375601725,375722131
347560569,347735156
369235674,369326446
341977141,342089986
311651756,311812980
324054731,324355185
344705030,344971332
351843659,351981614
365171354,365455837
376072601,376220071
346520646,346891247
355814076,355949523
360191132,360315904
332993162,333172799
306113667,306478540
324337760,324611855
327273445,327552754
294452506,294616284
313782186,314048765
334488256,334614853
342470655,342751524
307171084,307324170
362047540,362218284
370549434,370864382
363835530,364166207
380025517,380336583
431673281,431952284
407501702,407667100
410206429,410506323
346034089,346170606
380532459,380864275
354235778,354392117
376410329,376562405
343544748,343868630
309754799,309943889
358322822,358649193
380021310,380347759
376417673,376553996
426740589,427059204
476571303,476715474
447787649,448135724
443528314,443672054
406545441,406704716
380572916,380874116
353978629,354138157
373071734,373379223
338675648,339008469
372186263,372326782
392611503,392916118
413473099,413763271
405847575,406143905
436141424,436284115
405433702,405868671
399308111,399595940
394095415,394222288
358389722,358717457
327497082,327727330
375195921,375361248
343165729,343488299
308598223,308762671
337783962,338089702
382901804,383208332
344788834,345071831
375708644,376011300
406935234,407250797
375998259,376425430
332682453,332817031
433807872,433972876
402856262,403109076
372173260,372430009
416934690,417056305
518283338,518393721
455991506,456099483
500934631,501044643
534294378,534405715
505177724,505448319
443384239,443523469
457422303,457540195
415826650,416100827
371276883,371429052
470812599,470929104
484998499,485123440
429852947,430220674
529267633,529371934
627830510,628151639
562630096,562763652
508470390,508828447
543482414,543600312
475404385,475765287
418997026,419154106
431999987,432110065
466321924,466653888
473669040,473786027
486991354,487315801
503249879,503398838
446449667,446635327
454735820,454847183
439941943,440124016
385350493,385724269
330270999,330440885
362811192,362920860
345578126,345926845
361434372,361765024
397375105,397528077
432198836,432315043
436760216,436872173
452853127,452966750
452186044,452332552
457844038,458174579
464506556,464679363
445273718,445456294
444888624,445221767
455873271,456196846
443650178,443808289
425349665,425684005
440447198,440575973
454500055,454601719
438859276,438950176
455858947,456150247
474989297,475157028
470945319,471093167
450756120,451055082
458398403,458721626
454504855,454649949
450468991,450776707
462739746,462851993
472139892,472255047
440592967,440798706
457911297,458236742
474687280,474853813
451744551,451842204
407259244,407445980
408469665,408643843
