84827035,84996125
114086728,114220272
165272015,165391130
167494225,167615544
190055437,190180640
205679428,205795100
251475077,251610676
320697753,320840968
312101406,312227954
334518789,334626447
346068025,346186537
364968474,365075090
369516701,369635675
386400336,386532933
396250076,396360449
414156722,414288925
422264217,422365702
410895801,411028967
390162763,390320489
389744170,389885757
371825579,371953172
371025289,371155999
381048763,381184004
398982881,399314322
387067644,387426867
393623146,393965133
379771853,380103310
402795487,403118051
387723966,388041026
398550238,398959572
413316954,413644151
422148668,422438722
403826403,403966965
412066158,412391325
424545307,424885988
407630929,407970487
427662763,428008977
434659514,435017281
452379844,452714251
450878230,451019983
469061576,469196504
453753346,453870941
472078293,472200953
447290446,447419874
444207941,444329291
415666727,415771959
423049957,423152584
400843064,400963258
417852956,417971672
437796338,438108238
431155156,431330051
445401038,445683265
465012904,465326668
435516193,435778405
411903167,412210628
436318591,436614122
413606822,413949582
388702861,388802636
384210497,384487283
406753747,406916790
392306796,392491619
410248296,410644150
408018173,408309182
432010576,432348327
392294896,392626854
400841505,401136755
373856101,374141535
398999127,399160507
386946276,387288204
383263146,383592724
385991345,386144648
380844550,381194761
366371089,366614953
359658847,359906261
383806878,384086097
368594867,368896256
393041166,393331963
391164230,391281743
389748604,390054939
383346314,383465431
406289182,406426577
393974207,394250189
398405229,398595683
384572051,384867532
380052611,380205346
344223939,344502970
340488434,340588120
331009930,331147105
357409661,357772659
363611173,363963614
368477610,368657667
373651749,373969381
401541881,401680506
363492504,363714514
351799587,351974909
361532646,361664610
350821799,350947649
313850273,314276114
321477466,321838839
348424252,348578564
337393571,337522246
360557241,360884688
369387818,369726009
381006543,381139028
347455640,347932495
371893812,372042925
334593497,335039193
342671229,342964629
335985143,336269048
341564639,341955619
336136636,336292711
341680178,342039270
335321552,335675199
359317767,359626908
373428364,373785471
338098802,338448500
349458158,349757954
379108113,379460739
375920287,376306114
366671304,366990965
382880436,383017839
85191482,85355094
93068555,93174741
137991879,138106197
159411371,159518586
192873040,192973068
240922658,241084688
248621307,248732217
317950073,318105239
339659699,339962838
351745207,351870373
349542588,349659589
369225998,369335341
372843603,372963611
379421561,379548006
403989399,404110114
388568284,388694639
398538390,398648640
387435264,387562048
381839071,381955574
363431692,363557607
371606412,371713350
369371427,369486105
380208245,380320027
367106802,367234359
375215378,375528242
393793911,394087980
382221627,382565074
403906085,404227945
410671324,410977002
426439257,426800908
410554318,410908959
418012881,418315628
402915328,403206117
420066067,420350014
397054914,397353225
402647889,402956481
422487092,422808605
399131483,399488519
413792513,414139858
435324142,435669632
452467443,452825502
438488603,438842203
454732873,455067722
459567303,459880853
432607586,432904497
408629454,408985968
415630847,415973803
395119957,395435639
409050341,409396357
406834031,407177304
427592177,427904221
444477765,444797627
466205807,466519968
441290000,441577968
465472352,465746694
439217315,439496857
415674883,415928083
389312191,389568827
407515764,407796231
393859045,394128143
389403703,389708587
411178153,411470097
408167976,408313674
378767992,378903609
375654078,375916409
399223107,399501303
370980444,371265153
396124948,396416766
390008056,390327681
394590065,394758654
380471137,380732476
377343259,377691410
366739269,366882475
388929358,389231496
378564206,378889599
375827061,376110780
401023841,401311428
398870310,399151217
383549674,383680337
408816510,408962602
410718667,419132664
417939027,418083354
423623814,423813347
418346878,418458341
382489811,382771120
361861831,362205847
347177164,347312851
336646451,336993546
339649463,339833922
346392046,346576815
373364088,373481854
378625919,379025223
404337881,404526031
388453274,388665649
403756818,403917459
365038089,365299461
353510238,355964897
321885214,322172711
339381637,339754664
333347116,333508334
339167662,339590460
363469845,363831296
362054359,362251178
330299722,330772100
359356739,359732443
370775904,370932922
335603838,336083540
348501143,348662304
346415937,346618832
350112916,350441637
337811033,338172733
344161855,344522240
336745859,337080769
347484544,347798761
314015303,314407297
341970752,342291061
353106180,353441573
385749946,385914451
374321784,374466884
395045379,395165299
387176030,387357270
379986831,380296482
376386391,376585574
400697681,401003486
415148469,415490124
378732676,379077063
406049934,406377500
370798291,370992614
365098301,365249581
343243141,343367450
380590497,380701051
376396496,376736785
395053641,395370695
354603852,354946934
348604662,348964938
362336985,362677176
326247854,326595203
341368578,341519595
359154283,359475889
365955009,366060275
362375991,362497728
381198733,381508576
380373829,380528617
392020913,392326056
366490424,366805560
356595664,356948411
372493660,372842723
363274713,363439904
359856236,360002785
389122503,389495828
394799648,394918809
392298086,392626547
398520614,398676551
384758593,385056847
384877971,385165112
362589938,362975810
351151486,351476019
327690620,327880913
330480969,330791622
323861737,324046837
349768811,350118149
356698966,357003063
386954866,387294099
358474265,358769358
386110547,386494134
392027748,392156259
366226685,366363054
372066081,372408867
401465169,401650910
376220219,376334005
364701216,365083422
393696166,394052327
384766909,385113543
385922719,386236292
382780597,383094909
410494420,410643719
414428586,414565167
444404831,444584647
443233892,443372233
391176694,391409031
397946213,398055595
389556431,389703455
359143212,359250746
381564525,381699010
377096266,377214822
373776567,373901582
402274622,402400136
398977395,399102375
368755821,368905689
397149825,397293229
378286065,378471413
351996699,352270991
342888509,343053325
341773971,341897616
339086260,339180993
333533562,333680369
330268905,330385905
317017652,317144798
291572181,291780564
300081553,300190288
331457238,331567018
310600845,310816651
343728699,343839459
336278728,336607695
346056926,346369513
342302742,342602362
335395058,335776091
335779742,335945232
362567831,362702641
349704252,349995909
357087431,357199625
386346324,386489385
394419676,394532884
388030982,388333924
368231198,368534242
377829085,378168187
375630528,375902780
386722656,386911974
392923764,393077244
407946033,408224590
393829855,393980762
400743441,400918734
388063594,388219197
397144330,397468255
399641060,399951540
376677277,377012201
389018708,389344138
336551848,336699645
343347097,343501171
378773737,379118986
389384208,389521356
377848305,378014885
391916708,392058106
368938319,369255796
346830819,347148050
346560392,346866056
325163259,325462094
335261903,335372933
345986065,346087354
348006669,348129080
371094347,371202420
381167747,381285074
400772628,400897427
401110746,401226906
471455395,471583235
448247727,448383584
450280081,450402733
428561123,428680021
447622012,447741170
389179111,389273947
388383256,388492169
411526052,411642646
414729279,414873808
391267635,391603308
400649308,401045600
468054589,468437328
446465129,446801603
517223616,517591461
513437399,513807570
504157999,504280256
446645547,446760251
447608488,447757326
390977016,391128541
464805494,464939924
451970535,452106295
458563620,458692586
611371921,611504509
621512771,621649300
555421587,555533554
579352117,579487359
559338073,559455428
420260603,420440833
412112848,412267795
415975126,416122084
425903629,426046725
414901840,415261145
424606176,424737565
408100153,408241915
389605757,389722637
372131676,372262672
389501164,389625279
372792096,372917922
389513181,389671171
377007471,377358314
344443191,344582646
363416227,363556077
353878972,354229421
373515810,373879569
389557597,389894573
429316408,429658686
405405592,405742875
418609575,418990626
410627271,410963498
426616031,426972724
412059344,412369917
377623009,377762326
396632756,396992929
365027970,365424517
346749066,347099161
324075075,324448906
364406439,364741461
345945896,346266413
384486589,384787884
347221278,347412796
360260618,360461989
345831323,346133471
313268114,313428018
302893369,303194138
341732222,341838706
352181200,352312542
320898591,321026651
376285479,376405525
350074977,350195916
325481061,325766625
320652587,321026881
330824418,331018204
308441377,308750613
342704687,342925565
262419959,262554333
335876694,336021880
357501688,357628556
335744106,335876946
328725309,328852799
339665669,339845257
347571498,347700493
320262953,320445901
346039921,346227547
338814920,338981420
346070057,346431772
328056608,328404918
354457554,354813753
365097953,365458990
412222826,412350012
397808472,398008320
387192677,387373139
393791023,393924550
381901563,382093649
374328296,374452919
400168597,400287427
427195863,427315120
405664369,405777258
433212143,433339100
412715143,413031463
418043816,418400644
383784768,384092056
371279935,371624057
379249890,379600554
367298197,367474620
345909644,346028528
366153942,366287981
393320433,393442187
375103563,375219042
400109291,400228576
386770193,386962972
417115714,417296409
381061458,381373936
369141869,369492317
337077282,337390889
361223253,361342610
311715555,311989767
331186463,331298018
359325439,359438585
380463163,380575330
346545325,346819128
376760850,377087919
408052488,408192622
374708860,377723086
407887179,408046991
423481245,423591830
384627970,384805421
362796479,363060443
379729508,379839628
333691172,333980237
332387361,332551032
375754831,376114469
406002275,406179869
436759167,437121984
470919740,471105330
421620709,422061678
432894286,436888535
455013138,455147614
406106360,406414576
394717176,394849014
423457744,423556836
388222822,388347191
366756597,366870562
370579626,370693100
416826534,416948800
402510216,402654845
416050276,416178054
422405374,422539041
408863625,409031870
412435202,412557405
426212501,426327068
432148184,432463401
396713898,397028107
409875810,410186515
374972144,375324738
378182229,378550352
378870938,379252702
394753169,394886936
401848860,401995127
419031852,419156193
379860167,379976015
386302543,386408549
392481524,392830526
365568918,365714530
375473868,375625763
393653423,393760963
358059373,358379933
356731816,356841024
365419162,365579543
366058663,366180934
338355704,338471411
410622588,410729328
415900936,416003653
421905080,422026929
430516206,430642726
429223257,429378633
433297637,433457990
395893991,396276389
396428071,396703385
360534073,360876877
363992818,364330411
329331636,329652493
376369679,376493961
382957108,383255435
427710776,427810761
389487005,389856858
393778679,394071498
395926309,396256291
358180414,358534824
361959038,362185286
405280929,405434974
490014856,490169794
430690974,430797763
505276212,505388772
475462442,475567426
494411168,494544705
419667165,419785598
419612517,419895224
421753560,421884761
427744628,428019693
371858441,371990740
359706504,359816786
427937972,428051276
417277596,417394932
503194006,503329650
503959475,504257570
539769401,539882344
458613901,458734611
462345892,462612705
387403157,387512033
468810163,471214217
452214921,452352491
437582958,437910333
521733774,522094033
513138388,513285957
429464036,429614844
416275929,416593492
464144582,464321792
388076194,388227803
420420859,420762717
405393765,405742751
400215690,400594220
394257423,394620666
382350586,382670216
361190445,361354656
397992478,398135481
396384856,396510963
394001828,394131824
425739577,425857436
425833560,426023248
421074512,421233425
448593777,448751989
465934659,466054891
453927158,454060245
466838542,466939403
433555552,433680169
422600954,422722522
419978256,420091483
417623460,417750613
415322142,415449398
425158746,425272549
425937803,426049933
420276092,420417813
431613201,431714017
425700376,425811377
420037801,420378966
307280675,307578985
410375535,410470770
408437231,408551371
442784288,443126064
435860716,436186101
463906950,464019082
436953483,437108244
459703230,459829121
440188150,440311698
501298696,501402626
475249490,475381401
392256473,392376324
469783669,469915937
373515656,373650684
420838192,420960825
479873869,479992470
516554197,516694906
515451368,515569181
543488301,543609234
464085170,464210995
410974894,411278761
395220040,395336572
285203863,285337677
329383189,329488397
360676214,360788762
351188205,351288738
439919159,440039432
468962618,469087664
610460095,610619462
592035109,592192216
574751330,574904303
501435499,501708058
480498652,480615705
318071232,318377665
377892956,378019230
405712776,405803726
426879977,426981175
491102174,491237116
511535708,511631529
431820088,432106841
385343791,385513675
381817480,381981847
297190750,297643553
289559249,289700084
308134630,308240373
311083234,311178081
343209383,343319071
361847630,361943510
390424171,390523278
384484551,384648467
381087271,381237665
342833880,342992005
334166738,334474843
256906271,257060354
322045999,322149553
342972645,343087783
351571071,351678269
380302852,380418870
385021731,385125505
346527618,346677455
355323761,355468165
359454158,359599368
317320287,317682655
318996169,319140906
324980569,325062805
314540204,314636103
343251323,343347968
350559561,350649953
375361819,375449152
363253627,363405859
346709428,347145513
360855208,361109475
360699001,360959110
373392812,373546744
402612390,402717061
402853365,402999746
405122685,405227285
428985913,429068992
421210140,421296783
435274440,435500823
438211689,438476332
422186776,422390119
436645680,436721549
412904789,413169920
407582807,407678088
404742654,404850977
413251173,413381481
425302737,425397128
430176239,430264824
410650077,410923965
379282894,379379941
411975510,412101052
375667048,375926297
387367108,387481442
394758696,394865681
393979902,394086582
398857822,398966130
400086850,400194910
354496456,354592635
354459672,354551563
445234316,445325377
437236627,437343587
451333363,451433237
439369892,439451762
440558676,440654306
395447102,395695203
397943208,398162660
396408330,396528460
399550601,399858535
392896204,393141954
420241973,420342359
462850784,463022461
452790745,452946947
488517379,488644932
490621296,490803897
431655742,431963898
392968591,393236607
391298017,391427873
348900095,349180321
384642998,384794275
397581928,397707562
435672090,435795384
473731898,473837697
504784437,504912001
469011725,469283893
494262138,494424910
444418771,444673046
403614393,403901023
349849505,350134108
383732185,383829962
394312596,394438260
406132770,406255407
442722044,442829940
466578328,466672260
421475226,421758661
446521430,446641412
478961943,479108804
464011560,464307192
492677589,492815423
506297876,506417928
443007285,443120002
456036138,456147827
437561000,437686317
455493865,455588414
485317697,485427762
475715204,475822555
504496164,504619024
531889493,532055345
560982878,561284284
576122471,576441804
545020630,545212023
489017189,489107315
525979308,526102324
464518130,464606792
488057863,488161478
537561240,537656335
554203733,554301164
551295628,551393314
546851152,546968028
487325049,487424170
540131541,540213497
500983169,501184750
393457899,393577353
415144713,415327150
412433414,412523179
347981555,348065860
401609600,401703039
398471995,398573014
437234293,437565256
424056095,424261222
390575619,390712861
498417863,498518258
471705383,471910219
528031895,528133545
579315573,579410194
560211560,560342301
454554838,454653321
503417851,503559935
421541774,421655219
501093528,501190799
516380323,516464993
486005946,486173308
547388490,547535704
516444521,516758850
455209626,455301984
457650704,457934585
450445014,450568885
389535199,389668813
374326365,374430561
350649344,350763144
330863918,330976315
338499134,338587813
322835463,322963784
343350471,343438148
330556999,330689012
334682639,334774168
344396925,344648313
328773823,329069077
336392200,336655369
358268048,358604930
343267177,343409076
334134866,334439779
354444291,354731533
339946958,340279837
347278269,347553162
377233749,377339239
389618622,389927740
395764810,396006586
403439375,403724224
390793684,391046057
364092653,364306655
353476072,353733639
338254040,338525225
323591513,323814365
334181861,334438444
351446931,351554638
392162926,392418885
400577048,400881316
438159290,438430178
428879599,429165746
437852119,438143041
421784536,422040478
408312721,408562354
386363779,386638678
424667409,424917587
405817137,405985721
429923776,430225920
466993127,467287495
484774816,485055869
469421951,469664928
450695183,450961576
469507937,469766473
448947422,449199380
463474277,463756910
486360506,486618077
485288082,485425358
473769526,474073046
494038743,494299999
478890965,479163011
495243559,495499969
473161360,473441528
460974699,461091727
470488773,470736957
458537472,458781046
444669376,444919583
459243612,459410847
464091003,464209353
455098428,455383121
459446318,459689902
446403668,446649566
433819220,434082423
420357597,420470730
402328638,402543683
384317934,384564178
391555649,391814296
356534831,356765012
380808359,380930852
391191860,391278620
411240620,411398279
398051182,398149394
427342872,427450080
417740854,417828714
404522006,404609656
398079165,398169334
419462831,419570052
396663888,396773088
369695913,369920178
390681028,390775674
359838580,360075344
354481905,354575565
373560784,373666094
397032681,397128814
391910477,392007383
411211184,411306166
386008077,386299225
335356982,335789508
331467195,331573847
301510475,301926669
294242052,294348836
316957336,317056941
395870982,396014795
532143661,532247653
644580142,644702445
781870487,781990947
855256257,855390526
860879360,861002371
711302313,711603630
618654782,618757649
461793591,462092304
404107713,404219189
358678001,358845987
404179023,404306769
430415555,430540762
470703310,470808984
429844447,430117117
386224878,386413400
368905278,369025395
322340607,322729222
300197071,300302426
341158422,341252812
345375167,345640679
381174038,381438986
416877436,417175303
457911809,458000600
439024782,439140906
397916859,398059848
361346786,361586648
344008505,344261360
305166483,305310381
340139016,340221601
364933934,365075391
375857308,376067184
408445097,408532588
415217189,415309481
377765162,377895664
379831602,379965476
349640492,349769564
309237371,309486901
276700255,276858226
286948654,287039643
302454785,302605854
338852804,339003396
346078327,346197809
375195996,375361749
342301838,342447454
312321521,312460285
322851640,323004749
294538147,300654797
301028239,301164778
337000715,337157728
336329430,336419685
367646613,367734141
389719225,389890501
411914115,412016536
419784213,419922037
414208049,414289312
394792542,394936071
400643944,400930227
375953255,376103031
400265901,400388684
457273345,457391048
463893383,464002474
489112643,489242234
487886363,488020262
469916505,470064374
460818767,460977067
464755756,465004124
438567845,438805796
429991540,430132553
444417493,444544902
393071297,393321325
456275144,456404029
460557334,460659156
525450715,525624775
525845594,525945442
488418373,488822146
488595192,488963337
488713165,488934317
483619998,483742468
548510827,548672551
601236149,601520943
556933976,557019387
617363893,617517746
566894461,567028465
561661723,561778321
549313258,549540723
519417738,519624872
512418753,512503282
479001061,479191641
430607647,430699781
415739116,415825370
460843619,460927940
426503054,426612813
483105900,483204646
454658436,454893800
419346030,419464541
417397255,417510207
383621587,383973689
377252583,377392746
435199590,435312416
467951438,468072855
458430786,458520183
516207506,516331463
506529290,506623919
501248194,501386169
476229368,476371933
449245012,449514924
441106182,441405509
412340274,412474846
401684489,401796775
393409962,393532824
433768351,433884434
422161495,422294225
458511620,458628221
431254558,431404187
427038965,427212336
415238673,415578215
386597209,386951761
368482474,368608297
377311025,377406564
425803995,425908150
424544412,424648856
460217289,460311423
452657453,452780425
436142847,436265795
414036381,414188640
420756220,421031095
404544857,404773797
406486369,406615430
406878598,406974762
404010681,404132727
428394876,428487947
424310777,424429425
448869625,448968980
451832820,452026617
444725488,444837456
433989995,434301464
429967619,430250396
422404174,422546995
447053928,447151710
453927029,454022380
459071412,459179859
483075691,483173889
484140255,484234739
468047576,468222491
446690577,446831015
446197201,446451680
430147332,430438418
424753309,424891125
428585792,428846569
450959647,451057869
471391974,471503427
473361329,473463942
485337236,485447388
480976474,481145831
468218493,468357223
441128407,441391164
445494813,445762552
403874117,404022248
442536894,442633285
426295723,426399019
457711506,457816469
472564142,472668341
499292890,499401063
483334429,483494916
460648530,460816824
457943135,458249181
437694315,437983690
433837904,433988078
462741498,462836833
475517390,475641811
469127552,469247458
497125302,497226203
486529270,486626033
481128738,481427016
517243127,517382178
497474410,497627535
489770985,490036908
467031167,467202591
458519544,458625967
394570151,394770945
416286312,416389662
406425673,406535953
424175486,424292367
404326125,404494036
407144574,407305477
453268756,453419911
430126440,430437688
472980792,473133550
494693391,494799652
483424604,483557585
428726133,428898303
446651408,446758433
387131926,387291068
429940358,430087429
396460977,396662158
409563117,409836926
451236018,451544667
461412914,461527690
403699609,404036059
435720090,435956493
431354137,431472579
371616343,371970685
362381798,362545836
374058922,374333586
341115351,341354612
318613293,318766527
328725532,329044265
303269876,303478089
287184229,287288505
312745551,312845361
355611318,355715070
348025340,348145976
384485488,384583597
360717300,360917703
350999738,351239295
323494829,323729638
292928461,293307894
265963875,266225093
304292965,304379400
299353366,299465964
353101582,353202135
378274592,378401601
412399998,412488197
384050296,384314648
339384493,339520499
344353055,344480732
341709443,342146560
306956309,307086804
358268275,358367415
361210997,361325439
387502897,387612621
406829679,406964271
438794463,438884428
435130673,435258829
433691390,433835702
356880446,357040400
422598043,422843712
349031491,349145888
446558219,446654414
389156280,389444024
390776370,390876940
387726211,387814088
418319736,418452286
376489726,376609674
441314421,441438980
468495480,468628305
383825837,384080489
464166637,464290008
467809958,468100699
451594838,451872269
394425150,394571038
397354502,397630305
338983319,339146123
335034634,335197917
354411435,354540328
413442662,413693747
413633627,413912203
469288779,469422874
414879963,415175361
412019695,412275160
393109013,393365986
336880701,337159201
320585338,320709799
378593919,378715859
367960341,368099592
388343978,388468863
445544865,445826840
461662067,461782325
443542672,443830277
433551167,433805005
440679592,440946580
423579089,423864983
416530035,416679686
440336760,440460952
422206579,422308462
416668480,416822352
439399902,439669091
429716461,429862991
422948669,423244218
427291118,427614567
445392524,445731237
439271136,439573668
443501700,443661847
435449114,435585001
406818763,406991176
394425192,394608388
385496132,385776886
368605625,368754000
373767700,374114741
392039254,392366609
409293605,409640839
416957602,417261503
432089560,432221318
416027877,416156175
399990738,400161868
376784289,377127975
360673727,360909930
338027144,338158603
356578356,356834212
422804500,423098112
439651413,439939113
456752477,457014805
470773813,470900703
451001932,451163219
376822536,376946973
357865670,358082101
336948446,337222205
316593597,316751028
330593001,330827881
354665422,354893869
421026424,421325364
426506403,426724706
507626285,507792189
497252444,497380369
503858770,504004826
430843815,431082747
415688381,415934786
341858275,342006318
405683571,405923349
402330072,402569621
425055983,425312189
493515055,493798277
518367309,518511214
448536602,448700172
423692522,423812005
428594128,428846326
355263922,355505405
357936072,358054217
380909285,381129241
414564663,414657782
405524725,405603531
428594182,428848938
420878493,421018921
428242282,428348165
432677867,432825706
367539083,367635213
413116626,413327242
383672581,383771175
377159503,377397581
335832529,336031062
370005865,370282686
365139212,365381191
384173829,384310406
374535301,374646295
394290131,394408383
398473404,398590622
371130722,371488568
374541721,374670074
408106253,408227025
408874318,409001969
364511293,364663370
400011768,400233783
354548111,354813705
360090627,360246506
374657462,374798331
395439551,395696171
404378560,404653707
423898495,424014661
385143698,385439227
372655435,372885726
368109865,368219811
326979266,327262616
321267150,321514667
341833499,341997015
339455705,339590129
352919139,353045166
375207414,375472293
391814514,392046361
389805750,390034875
373338872,374392348
345763128,345990107
359770319,360034425
339884791,340139658
360965100,361218066
447365552,447474600
445936558,446193235
462919793,463188979
458975202,459270304
448616804,448760106
387831019,387958868
368421434,368781304
357087977,357181692
336812883,337062728
336273895,336423799
326650444,326744727
410653896,410929922
412280494,412548348
496822478,497146276
481350239,481763327
504271835,504549835
441195683,441308024
423293789,423712434
360509835,360625514
445521780,445787584
431697086,431784673
423195574,423499323
510075332,510344358
502677866,502811830
442802153,443068782
443847831,444161873
467026957,467323836
399963214,400274219
430384123,430556663
426770642,426915223
399707710,399829963
379108945,379403079
371438969,371743764
350205169,350345545
375513881,375810950
411746344,412026356
412281722,412558387
437816140,438093109
428890841,429041701
420515043,420780168
423401891,423700378
397302777,397602577
378644447,378884467
346411633,346594735
352915754,353197487
403428571,403775436
436208824,436542488
436990322,437295712
470882988,471042674
446767419,446956188
330225316,330335606
394852410,395152179
366885181,367238171
372900922,373050155
407191903,407497495
395037298,395312167
444577279,444882092
479748189,480025914
528498742,528661149
524847925,525013749
535963683,536104010
477645378,477783255
481165914,481465630
419545321,419661083
467302786,467571387
448377446,448533603
436529785,436758082
484790863,485036749
471766788,471882699
416538929,416622212
433021219,433277311
433788666,433886579
380287066,380570432
383938397,384094178
380707512,380833459
380902781,381039121
363375948,363558919
351778524,351873829
321129007,321291269
324498726,324609429
313222240,313538806
328800884,329082869
333319696,333417820
346714760,346932227
328284951,328479284
342794373,343068524
340024294,340154268
323580336,323750497
321509086,321646100
341448064,341718442
329289778,329441139
317877594,318038797
335328594,335717429
324656402,324938945
324337235,324477493
343107651,343402788
357249273,357427536
356680192,356830390
367153272,367254354
363348579,363531678
375781616,375903337
360113956,360349278
346932719,347196690
322318260,322520752
340127151,340226358
322204967,322280217
338618771,338699053
354703545,354811593
370359201,370454078
355772543,355868484
379128589,379243970
386162501,386382642
371368358,371635961
381839808,382100965
400728861,400869590
355093144,355203779
341607564,341697182
358232564,358334085
339997594,340093702
351226734,351338880
350599590,350900537
374760358,375043673
386876526,387136867
410879488,411162783
396615264,396893178
446750710,446872932
399594411,399739885
383208517,383323249
335026951,335160472
361135415,361291067
332431093,340573485
379973232,380174844
407113612,407252493
406982738,407174352
360923344,361048856
333392147,333558284
345278614,345389057
299458024,299737705
349355746,349441515
351449220,351621435
373268417,373358616
344012397,344139725
345368348,345654776
322440982,322548231
373915167,374032460
395457654,395548466
329951507,330163617
429342428,429451445
401324988,401562359
369635505,369730185
376975989,377099153
394699435,394807365
366258117,366367205
383668661,383963872
367637491,367834611
338803261,338924971
356875449,357030856
340378620,340761489
364167200,364267656
383595001,383703718
367693960,367840542
375858061,375960685
395702474,395801424
400517279,400618370
422057569,422175678
441251740,441354605
410030896,410140995
432268464,432366273
393673753,393973291
408802069,409102376
387525851,387683459
369295675,369668189
377934325,378285224
356277903,356436946
328947307,329049226
349904376,350195934
369550406,369855279
340443812,340636675
358632338,358907973
340868612,341199134
420862223,421204234
401636025,401807714
383748391,384039753
352303179,352516312
383293410,383591487
293365491,293671503
312386132,312670840
332532264,332824375
346279239,346593317
334446426,334822381
348521266,348840611
428683240,429038372
412041730,412429623
490896663,491060667
513240688,513566194
536984498,537334039
273333889,273644443
349296995,349605772
380923708,381268756
462146954,462503779
432974235,433304381
512112436,512458096
525343123,525688553
539842478,539997938
450448064,450780811
421507966,421817377
331100918,331441255
360114155,360445527
389677549,389990663
403649227,403981438
436688420,437026643
452216715,452536655
421292920,421627335
389724214,389867129
416754866,417085142
415728378,415917938
444874913,445183826
416314591,416476633
383533831,383868839
344562527,344849315
372880211,373033200
343363514,343663531
373534948,373859098
404145536,404311180
378292835,378453624
353943241,354105455
327096252,327393607
322885645,323224243
319479527,319835636
352372516,352658106
382184417,382332849
410916227,411208155
425254367,425555799
438729353,438886593
436176257,436513523
432626763,432777145
432732498,433095784
406973529,407318786
381535710,381722008
380758171,381088876
404908275,406996834
419871602,420196284
449662890,450004031
479521418,479862899
454866845,455178407
428912267,429240544
403131364,403448265
400559436,400870704
398851633,399026975
429637990,429950960
410420614,410558854
448072672,448387661
452241287,452550049
459235199,459550457
457901176,458207588
479062636,479364866
477801549,478089281
452718167,452862373
427717058,427997773
434170150,434462522
450495185,450791978
445657834,445969284
444523085,444814803
431852307,432138951
408002647,408297615
356239822,356436101
331714825,331971067
352786129,352906725
374377183,374633164
363938010,364248167
384227672,384514148
374410770,374695636
386693837,386960828
399531095,399837969
421792345,421926868
440907025,441054654
462402499,462699054
409397459,409721267
355920423,356107762
372056473,372326972
354150045,354339250
369079931,369403625
388616701,388916111
409393499,409697468
359169099,359522446
385050196,385188237
335401357,335775733
352022044,352327734
369389870,369534144
389750852,389870289
451496365,451640789
471841312,472198297
454167238,454365931
435624919,435988711
453002076,453300083
365441378,365616863
382554888,382873998
407084059,407240038
435142274,435288520
420256076,420596265
444906410,445040561
428300639,428646709
486836491,487176611
544480461,544811081
559458931,559618730
582487963,582636885
608848531,609172295
521637839,521993791
433171594,433337917
493109399,493462237
484555479,484897896
541651140,542007793
567377435,567687747
593126051,593442726
507140316,507483251
507914137,508066434
398911163,399253185
430522945,430679825
442631834,442784461
468891315,469205709
440757512,441085320
470380177,470700847
459848932,460136162
447757872,447911467
440901058,441221704
500426306,500754203
502963234,503288061
511969632,512309650
511374164,511524432
501289649,501603359
474337863,474674061
462704499,463045032
437399410,437724026
412173436,412311527
413390665,413698894
403197876,403467517
402739638,403020192
441663677,441793657
479532742,479695725
457443716,457542658
423071720,423394497
419893551,420013323
389374646,389659951
361971109,362071866
369887687,370065938
415241559,415384462
452335365,452649724
440712645,440959193
428238173,428511711
401760490,401860340
398108202,398279855
371994951,372105281
347577969,347908460
336085953,336436720
330833224,331271470
231426879,231604083
289899300,290151506
305029761,305161674
320915401,321056322
305318870,305456808
368838610,368994242
352009006,352136770
320060882,320414203
316400461,316770195
366623862,366957096
364257923,364599638
352463120,352599802
283069360,283264172
250108021,250307709
312595159,312931890
343858351,343968388
346370049,346702728
405153601,405296999
463040292,463344609
366055156,366416160
408367826,408690975
339389640,339557074
375396474,375580234
370551292,370695256
433673954,433827260
415694607,415813570
476466515,476795632
514941347,515116165
548197569,548362484
554741207,555102715
557046704,557373813
555533097,555701207
528291301,528462895
503460996,503572319
541488584,541602319
491019516,491217890
526046549,526158379
512066509,512175115
481336330,481448823
456335292,456448422
514203652,514344292
487321278,487432455
552990947,553112780
655439575,655547072
652849184,652958210
629993757,630096576
609693111,609789527
495760686,496100917
334190922,334474645
328232820,328365546
315653807,315760799
329039406,329135097
352939914,353052345
445315063,445418315
396381889,396684464
376065090,376255982
330141629,330495664
309068158,309382417
282492922,282769439
332927914,333247396
332615736,332944208
393224899,393580443
392810764,393084567
389469681,389573516
370226190,370494786
397238528,397533355
373739580,374012960
361491464,361680933
345194950,345360647
345950791,346232996
371191936,371459817
372052160,372326608
361073945,361377188
346602296,346783818
338713937,339041211
322894000,323044186
319176617,319520060
347951511,348240846
369574795,369716690
359389225,359718028
334063256,334394814
330486895,330816269
356456523,356787592
377018275,377187017
408633550,408945349
393256294,393586442
420345957,420682859
414134840,414451359
403229926,403385924
430082317,430399650
429186270,429354208
452156843,452482808
437029868,437357330
416649530,416805840
412480384,412798616
462144944,462502727
500357176,500467426
508118974,508241965
487876736,487988344
473491785,473585974
402716595,402852659
347928210,348039087
324623421,324788538
318680233,318841722
308517033,308636771
354272708,354380894
335438801,335574781
388121693,388478981
439038779,439369003
442921398,443242934
438521925,438859092
435573106,435920125
376139019,376318537
311164272,311347556
365397711,365720022
343900179,344225476
395604422,395956297
442554794,442882008
487003840,487363675
430435657,430610421
436540461,436885597
374386785,374729336
371529726,371862315
363026181,363188644
410148618,410490840
423794669,424127715
465779527,465937420
447676734,447977521
423085634,423235634
424002933,424350542
398254466,398559597
397814627,398138143
405948233,406126651
409319380,409498349
388509334,388799723
413752744,414064294
391927120,392233409
409628205,409964347
420729119,420892547
433625105,433804939
407180539,407372049
412877630,413222159
389906562,390190878
364602635,364738779
383019762,383352550
390776478,391100806
404874708,405207610
431956527,432307393
451156732,451336833
430482639,430777610
408975170,409272668
386638649,386986325
360596966,360777922
329584039,329758422
358048774,358174561
374585657,374698762
399301637,399428444
407174059,407480282
411400452,411533031
390080400,390247375
378443674,378719073
349768882,350088080
330508657,330802277
306880947,307016652
317786163,317893114
355291581,355392916
362517655,362633255
381934420,382242616
396508996,396656261
382105099,382250927
359485316,359613692
337225547,337512617
328896342,329222676
313583752,313725237
333422894,333535498
349511387,349650825
366558136,366661220
403483273,403806106
434836032,435000294
429096940,429242391
411093040,411254809
402903786,403178017
380787802,381096385
353628614,353763158
391654574,391766539
368145058,368481900
404817985,404952683
423470443,423810769
436371210,436539340
417205215,417345625
433967493,434134198
410804189,411129048
394990726,395316192
373575763,373706799
395059598,395370529
394054572,394341088
410933425,411054312
388664355,389017691
361951343,362181329
349342167,349671479
374546483,374674807
357544932,357663046
374812399,375095973
387907603,388052245
367592271,367848478
341786836,342058434
318415250,318666641
318365678,318485429
312821645,312964067
335062130,335199964
325322201,325590078
343534895,343671744
369616858,369735777
392084392,392195152
393949295,394205563
402374587,402451679
401266807,401356137
377859175,377987684
348969146,349096455
378920027,379160961
361397456,361668737
377809605,377962784
377804441,378079580
364169719,364279685
341590594,341863985
353075507,353240546
328045375,328333941
339697287,339942076
345161943,345274064
337748782,337846411
344335696,344491250
334007958,334250733
318702547,318977053
297912705,298073933
310057478,310184277
299502482,299645114
308103178,308343175
320776719,321074045
329830790,330112042
317016651,317174716
352378154,352617614
311694906,311834052
341873021,341989456
344518170,344641264
359539147,359656457
350906096,351003636
362849416,363120058
353505957,353778726
338812689,339074457
348933902,349082512
361918006,362070705
368118785,368269002
407030792,407130348
441307873,441404367
433790124,433891296
385451011,385565349
372115870,372385153
368848713,369100156
356562795,356861091
394041315,394181707
435684238,435811987
471009625,471150906
478773454,478880687
483703447,483801776
480755066,480858597
434306207,434400554
427807112,428074924
365473355,365795698
329661652,329974501
342378716,342542107
370909884,371040876
382064597,382192211
428204967,428298669
472282871,472362103
430264041,430569195
448616814,448742647
398783688,398904843
352007261,352119613
289477814,289556700
341570333,341644816
293932546,294098208
337992394,338099395
367301775,367373080
390082571,390153530
344949595,345030382
343945339,344038375
327907313,328003117
292535158,292812339
270290138,270579244
300938107,301020562
276472209,276732093
302764655,302872278
298408900,298585200
289152533,289370324
264562480,264858034
312377059,312483834
286956331,287267632
314789395,314885053
342738008,342824818
342946709,343123648
337793313,337928371
331666579,331996226
311873248,312163822
274081232,274329380
317675629,317762965
284360364,284520427
312877360,312974361
363650203,363738664
410316055,410432377
393338465,393762164
402012196,402178461
379812477,380205600
375020113,375276747
363362854,363519621
416443345,416525681
441619429,441721503
493483479,493586711
461459755,461630598
422350579,422540389
418021969,418170123
472526183,472798586
463967527,464238260
471606094,471787671
475575704,475756969
444435933,444733289
190130346,190224690
264540710,264739775
343769542,343875049
371475863,371570326
384376016,384748632
445759083,446098501
450671735,451010353
454321725,454596936
508258731,508382107
533022279,533161504
423108697,423233118
473756755,474047129
387850211,387960545
361806247,361926837
423052341,423371436
425169225,425511109
475172387,475461447
487679937,487924819
496026953,496127270
414268631,414390958
391162176,391280765
303773812,303887098
272556328,272781931
243963970,244067087
254125726,254232062
257676413,257893012
261602477,261739585
290491993,290709026
291721158,291971695
272971111,273077300
246200915,246414387
221214217,221320309
241554186,241650296
209346451,209546483
218442971,218654173
246988640,247203855
249669821,249879740
244950097,245174247
270284767,270491749
245969726,246167195
268435799,268515970
239317507,239536577
231674700,231866890
248209943,248303515
282977345,283227475
277769502,278025725
304765278,305017600
339373747,339533844
328645524,328873998
352105366,352377628
345485010,345660539
366146832,366241159
329473018,329731828
317409838,317716340
313929058,314150455
345357502,345618447
337088843,337472766
332164199,332480108
361515431,361652665
357424612,357627746
321250755,321405585
311059116,311265021
337139748,337243612
295267613,295409278
330907394,331036093
327689275,328083628
362112859,362245413
402867822,403006666
394358171,394616551
360108928,360231529
377361997,377482901
344287616,344589958
288330026,288432377
308813493,308897546
305260941,305507372
344858642,345104248
336948171,337346622
351983378,352124514
383381325,383492599
410850659,411093908
356796066,356889436
380393616,380648115
388834220,388915558
332530706,332626481
374309452,374456444
388726977,388854510
429343041,429674237
429655978,429767910
441497988,441622745
387860731,388186589
394428376,394530526
334503601,334798095
354031116,354381853
357665662,357761624
376926880,377077184
378013575,378138045
393513295,393653424
345466555,345751992
340085206,340192735
348133483,348384765
366093036,366355428
370586494,370820343
399827488,400053429
418041645,418166033
422553474,422687004
377378323,377688649
376273313,376502082
371656239,371947063
319692988,319862809
344462841,344595590
374152471,374247865
394619420,394735314
396813034,396897667
423388165,423489933
382026969,382228191
377822937,378084892
328530175,328875965
315099331,315406956
307359825,307491105
341063149,341158171
345160002,345265428
374607010,374704242
370567313,370666219
370995262,371092627
369323848,369464015
354647525,354823163
348782651,349075852
335118097,335301802
315442613,315592255
323283728,323419582
318749675,318863053
319136373,319236177
381891438,381991419
373652751,373751533
364555480,364724270
351073556,351444593
336223885,336385387
304987633,305128825
288233580,288415730
285733817,285840131
345899768,345987624
345305501,345415144
362050887,362191973
421538037,421666109
411545229,411732758
383038394,383349522
369929377,370302781
348156659,348434512
314029009,314192928
378936989,379041996
395360572,395462823
457666001,457768518
483121632,483232780
495478451,495600629
466522073,466688144
442859168,442989044
409677665,409985862
359232969,359584457
333357683,333497104
352684012,352786883
376785298,376873567
392018296,392121802
429357360,429453935
449275475,449384910
430434317,430605268
382146860,382557956
358837022,359145975
380168667,380431964
328290210,328480778
354853517,354959379
391540821,391633820
414162837,414274804
391580638,391693180
424584074,424683018
381323338,381502737
403403463,403692447
353203484,353410198
336339003,336472193
353387721,353523301
364459871,364563023
371726641,371810945
406760961,406855941
366692578,366789515
377376599,377466396
430982390,431115910
386083886,386212489
436180642,436329129
402338546,402755090
382787497,382902507
362172527,362269871
318361710,318494912
362941359,363028274
424437108,424537241
382302910,382418280
435611375,435721786
397332493,397783167
352429301,352609324
420253989,420533574
384747523,384986989
371872325,371975242
442876155,442980877
431130254,431239183
436512354,436590547
510905040,510993943
478915590,479179670
514867445,515181640
480931228,481189252
454715765,454859701
491782679,491963640
553605383,553710544
504044150,504142078
565218987,565317226
594255562,594362122
544993470,545084403
581645263,581771962
555867887,555996472
593060907,593240543
560724423,560860607
534955274,535070279
485110959,485197190
511031282,511118023
461304458,461391589
447966315,448056860
475261212,475350390
447793606,447917717
412713447,412848602
386338484,386468096
391053864,391187693
356114669,356227770
381717695,381813787
366679055,366788270
392321910,392425364
398909291,399169660
383073841,383184037
337775457,337908209
354415366,354545672
321089349,321233336
322932038,323076344
328966378,329107648
315125395,317109085
323155477,323396243
308910719,309016446
326160688,326285099
332745972,333154866
333073242,333212493
335053530,335203474
341031168,341159392
331512997,331678569
334717070,334850715
343792219,344173384
359424256,359542466
366341405,366685992
339554365,339855202
355209559,355329923
358550739,358684318
351367351,351501473
350010596,350144304
325807856,325939253
317679453,317802153
331433308,331690453
303008397,303262214
318716776,318984721
366048237,366350347
337218636,337351159
328100503,328225817
281368546,281496584
278957226,279075821
274370756,274546804
245853628,246033600
217903921,218168787
264984220,265295861
236576289,236859706
274077284,274394117
321382481,321715551
287989220,288105952
275946752,276088949
245314440,245418364
234210982,234313462
222722191,222876130
269860129,270141917
307075745,307357283
354574723,354862354
325887576,326046175
365328942,365581455
348967413,349120928
340182008,340309745
326594252,326755993
347621562,348003624
338709226,338856886
376095995,376398428
345250180,345574062
384058689,384215413
372476422,372627114
342901844,343203076
330540579,330657092
348860990,349215773
337701496,337961189
346724417,346964230
368277558,368457838
337498235,337614557
326527470,326630832
299152482,299276284
327596056,327891675
320358187,320457227
341412588,341595140
350080056,350393059
310398255,310593334
347972479,348129520
357681796,357950034
345380062,345481976
370281884,370387385
365186345,365287672
385716976,385825677
415074207,415203436
427202501,427456258
403831145,404100828
417034878,417309433
378036588,378181197
356431066,356568075
384062531,384184989
403992400,404093665
430709085,430799547
454522964,454628288
473010807,473116621
445421307,445563115
404255529,404389596
382529928,382673809
440855097,441032524
406739934,406877488
423016962,423122153
440712515,440813287
461662508,461773283
392646810,392751602
413117262,413220913
375465799,375594168
437754359,437915511
399592925,399718589
423727422,423862400
486838590,486998851
505926194,506024498
434795681,434892348
455125218,455227167
411854051,412099218
342608646,342700221
406374335,406518887
429858523,430010783
494763087,494896508
493367583,493553955
531438078,531611472
459597728,459710347
413451098,413705266
331329290,331427272
376876640,377005898
333943868,334377096
357818549,357962494
364795828,364962934
393480825,393620427
349797386,349956518
360625443,360788380
317075090,317477858
345787854,345951850
303236939,303695269
305770247,306105519
336165253,336497786
343587202,343738526
302579108,302741171
277634415,277813788
365225500,365395469
322048411,322191805
351684940,351958821
352095145,352229510
385133783,385408765
226987348,227235480
304043328,304215207
282860052,283008718
251310395,251447847
312008347,312129231
351954643,352102053
292332971,292468757
349632682,349928591
355059727,355364284
300273153,300573104
208509143,208788268
279092846,279251496
219898890,220032268
331454314,331626494
398862959,398994728
340482957,340619031
423862896,424020402
326837873,327001601
389015968,389300248
312883574,313206885
215247849,215555730
314060275,314182557
229815845,229973650
340148105,340293226
299688182,299833511
409628761,409815783
328421439,328582526
424313998,424580333
330617449,330976745
401074900,401380883
333282989,333449840
251754939,251923339
336892645,337188648
257279011,257429603
340685666,340821366
298938592,299073326
356860857,357008803
294099774,294273658
350336514,350631345
365529428,365803651
382022268,382315055
380226141,380547505
396299776,396629305
394278823,394437402
383611072,383734483
368598534,368748043
383275026,383578483
387667568,387955653
403776464,403943262
396629494,396916147
396977803,397298163
401098957,401398079
369207299,369362198
373453483,373597236
367961699,368287471
364868954,365029634
333100892,333266623
350407641,350677503
319230209,319570018
333515902,333643601
349097626,349273907
365753408,365990315
428089291,428267070
444613416,444743350
447853237,448152244
449902053,450209203
511184124,511509907
450926896,451268569
511500125,511829290
477791320,477970761
442107803,442448990
383824857,384150450
362888281,363110346
302373889,302508800
320828616,320920051
335671673,335923210
316303726,316538609
345724302,345996414
328168728,328399884
387685626,387833089
448088944,448205152
476289169,476447474
442112582,442356729
477648266,477738783
419936747,420054252
361210299,361328684
332004895,332250462
362906504,363003611
336024035,336254683
315678130,315920495
296187904,296412715
327835389,327947011
332989262,333136046
364586141,364710218
393962956,394066107
424173207,424270398
428177162,428322142
442096035,442203051
444993100,445133296
414547611,414788636
385112067,385363623
400684449,400796193
384848965,384990052
401437035,401539757
431558011,431690928
463701960,463808593
450173787,450314922
436905648,437015586
421817728,421985502
421466182,421800028
427508177,427662333
413431133,413545080
411250119,411405942
398560772,398673984
413059076,413169157
426281473,426409595
423329367,423498682
425550624,425663287
423264067,423443493
339629214,339959486
390211997,390362939
393692104,393825060
414637267,414792734
418297109,418421562
402910169,403018263
390937299,391055252
411201075,411375886
370955898,371444046
391939970,392102701
385957316,386290560
382478375,382616438
342498610,342799384
375018886,375172770
338181616,338472981
339638758,339763482
342501703,342610773
375440295,375592826
383748890,384067062
416470809,416647691
436740676,437063812
456887673,457206987
458987415,459140336
472273558,472428959
478198692,478356228
437028225,437306099
396072392,396355320
404863686,405014368
350674930,350957206
360647605,360753739
392101502,392439138
426525178,426851123
375196850,375475523
377629441,377877532
326657832,326973392
331974576,332272838
337183006,337339754
339515866,339958677
363019043,363172414
372765409,373037123
383972941,384294358
392424843,392582630
418754547,418911269
411150845,411302947
439411099,439551841
386278232,386563572
330598246,331056345
321489378,321804546
307420262,307703202
297955783,298102122
294548153,294796571
303159989,303653346
289637864,289781511
319866823,320026835
305601856,305874292
331544897,331857852
359080041,359373906
392205318,392506570
386153422,386466401
417772091,417923439
407817741,408121002
396561347,396858617
389268867,389567604
387613187,387756794
381903367,382169420
366444449,366733519
351403321,351670355
341693926,342015840
348859895,349162930
347336179,347481134
377273278,377565803
408603214,408892608
410900666,411163241
421196718,421338369
422759464,423046506
412611535,412934922
402066931,402374873
413853618,414182160
388251918,388575776
404556268,404709564
400028822,400357356
395955082,396298613
379867150,380014330
357178005,359440307
344921243,345226928
344318072,344638728
342510390,342827139
324337043,324541480
308827248,309016968
289842136,290227830
300881472,301201648
309091555,309416899
295628563,295947927
345711413,345991788
331396478,331560890
315156524,315488633
298878449,299015984
326117155,326430720
353735464,354006228
401253467,401519114
378524897,378692193
355703333,355883191
361823798,362069144
335826617,336090470
344890248,345142330
330673568,330948046
317940140,318210712
288654029,288943559
296971690,297208827
269140590,269308681
317311738,317563965
366118845,366240562
375400595,375694556
391485981,391745376
399480164,399745258
407041291,407303273
415692669,415866178
429027880,429329928
415561759,415839054
428946549,429062816
398251062,398508621
366014146,366167651
352488515,352738218
353357071,353627376
342586012,342880620
333630897,333877425
356587849,356714719
359118380,359377216
369897088,370186053
373838482,373971054
387559740,387866244
386335033,386469343
413045498,413328523
415837481,416110041
428004059,428278989
411560883,411816655
399396597,399647855
400892805,401157864
409248865,409524937
412240307,412390890
414455669,414726932
416571600,416697541
426287133,426558535
395267963,395550343
404720695,405009090
413043131,413333241
425556686,425852028
392371848,392662426
408877471,409138829
378698678,378830267
381530955,381807793
381468203,381607923
398203581,398473600
405270507,405537191
421967474,422241549
427985373,428290585
436058771,436365286
442801215,443064697
442503264,442751457
451423396,451555574
417150674,417406167
387968090,388095798
386338546,386620309
349387867,349697043
349897979,350138679
364037734,364262305
379938283,380198450
342898717,343064780
344456600,344727947
307491442,307769904
315986107,316248552
324314665,324439291
326761241,327114223
376998161,377273264
379384030,379674309
378316784,378593745
375971016,376120257
424662584,424933096
400449948,400556003
453217895,453468561
410480632,410764538
376553072,376686872
352190793,354312045
333253340,333465150
311123324,311226555
315505765,315644853
285534542,285654106
291750086,292006859
306015768,306124291
281025290,281239533
328180141,328442798
376919326,377057568
395972211,396138515
325994269,326122681
409729219,409856607
388547142,388659739
366294375,366390307
357718424,357888627
277635360,278127139
301912162,302060719
304283936,304536783
276010946,276280050
224995736,225453521
260029207,260158130
215866555,216103048
301631775,301738743
322434474,322540444
350493240,350794997
345028817,345149128
373175738,373338753
334855677,335151680
349714624,349844122
338919677,339196477
337715635,338000098
327327111,327453466
248429082,248703491
233014533,233489538
299737167,299893276
317671157,317828345
318625480,318936924
345521001,345825803
376271293,376386804
400601492,400718445
386655977,386914515
404143478,404395768
395736985,395986871
383021991,383167287
368857375,368996901
348702592,349155907
330846367,331107804
332964177,333130374
328620729,328797232
306364199,306603653
346937423,347063708
330591071,330839532
348712323,348985237
364974216,365070345
406783959,407062416
386194696,386448783
427583420,427716809
417326884,417594650
401299992,401583764
379341214,379488447
383632976,383760961
361617995,361745736
341365916,341618959
319697074,320045749
322523510,322815032
323514622,323774121
328233374,328359174
369596185,369843980
407498548,407748249
412111861,412233197
412958122,413083385
414717134,414967998
391521434,391783790
364417115,364649803
356749881,356978668
365314289,365562182
364567023,364711647
367517969,367772448
369080891,369335770
369555149,369669105
395040560,395160167
397395596,397670882
397404541,397659346
395364673,395497488
421505479,421844007
367454105,367721796
393563825,393744485
397113381,397397568
396580417,396882628
340306367,340399184
367272210,367593479
310760677,311008461
310996272,311251382
309638549,309792353
335716643,335876111
340496622,340745180
367758951,368096519
384475638,384723424
418252554,418547530
426064960,426354566
400886552,401150669
409315698,409591365
353361945,353673080
293933832,294056320
268313712,268562121
309750180,309842125
286663348,286906665
313126305,313318195
280950853,281123911
373085617,373184511
374463372,374612522
417251288,417582014
425633501,425729394
432230882,432371618
429900264,430040841
425247045,425351577
421150817,421292253
395444749,395744846
367732957,367983428
362448520,362548350
348817079,348963234
346150248,346258253
386218548,386368791
427059329,427155889
411144819,411273652
404701353,404811249
390626744,390773157
386023198,386323538
379839063,379963639
370470716,370580350
360824155,361085150
353752411,353855899
348710393,348816700
343037732,343148495
333417066,333726499
364316391,364405118
357005773,357235418
344042064,344336838
327498101,327623128
357152255,357252653
356918526,357042376
389200261,389299202
382739957,382847826
371485762,371596710
369889468,370029566
393082874,393193048
386303921,386445601
379851508,380095610
367692111,367948406
391798318,391898708
362207375,362320641
387681536,387777588
417594113,417680597
447734154,447819479
418462313,420449722
424311545,424479385
394001945,394125524
392320064,392608900
387953675,388071980
386887429,387196446
349835661,349979980
355886020,356033344
379085482,379193354
400170916,400267081
357889107,358038542
393164585,393293190
352362488,352520323
322414526,322669645
291676134,291787630
327302311,327483277
350511573,350646126
387465630,387603010
393448226,393634927
396439259,396645366
418103344,418264699
361999292,362156054
385954521,386248911
344322073,344659072
301565518,301744007
245487775,245796256
260063701,260264112
203115697,203296989
237408811,237765877
269989179,270152770
285271622,285470219
318646341,318810688
336270234,336633511
358095502,358369793
378030910,378182361
411472159,411613616
410918745,411063418
445075080,445374861
389206145,389367299
331103630,331295675
330622631,330796477
301439512,301589711
299366689,299622919
316705511,316882552
329884221,330078791
301030449,301129324
327825286,327960415
300331724,300457384
335692214,335799206
369306245,369413341
399580932,399748275
397031286,397137195
424655133,424823279
423157485,423491968
417248865,417421977
416492344,416601299
411980031,412142831
410164309,410277109
381587084,381698030
350497680,350593943
344790753,344935371
346768759,346879008
342572299,342735683
367742571,368071422
393045918,393197624
394856625,394964226
411668771,411820965
415821035,415916217
412369301,412467677
406496935,406589246
421726247,421870318
412875610,412975208
427854045,427993038
425405939,425710807
417943354,418066456
390206949,390328152
384356773,384522789
372064396,372151133
375032249,375120866
374915719,375010835
356352147,356523938
371573395,371671801
349835082,350108340
371394572,371631853
376021863,376147694
402765295,402870087
391663124,391908593
408426054,408536174
396171634,396264904
380414286,380507643
367994962,370170006
384564606,384657316
376857367,377144696
358373890,358657309
336318953,336475714
345563236,345694761
358678275,358774123
371405255,371507200
387820816,387909622
401924923,402049571
415615083,415736152
403158171,403260607
417667161,417785589
399988583,400210274
396696755,396945740
381495030,381614882
340466432,340742139
326490187,326580905
338205959,338338358
350486166,350575828
312565315,312862418
350469644,350591187
310853827,311026568
323364011,323643144
334789052,334898051
371497584,371630684
389430769,389579008
428108797,428206141
413537515,413671716
394418058,394506524
412251892,412555351
401623373,401739267
418796622,418925270
378064931,378260877
336822898,337002415
326216708,326344080
311090770,311258092
302587859,302699623
340541512,340671896
375855234,375978412
361027651,361366513
372033101,372164621
359207346,359323680
376737806,376890837
392668713,392811598
404521906,404795683
378762725,378986635
390271204,390361460
379021105,379143949
365566274,365643756
339602359,339861283
348824479,348911534
327055461,327319080
313863707,314011726
297365968,297537084
316616952,316705346
443467547,443589067
530189854,530302450
594899795,595005982
604200795,604300639
581544235,581677202
526403284,526491098
472909059,473014941
396870879,397144501
369879801,370115634
366670744,366750764
365474050,365610680
373309245,373411278
383882904,383982951
394112664,394196202
393769730,393860569
411932838,412016796
410609475,410737872
430958245,431236150
451363600,451492218
468497042,468583428
434532853,434771225
453829985,453935881
459474953,459547247
463597507,463682334
430174595,430427968
442521353,442784891
410845212,410999660
409569377,409889613
406016752,406153859
417804587,417913665
404487402,404759271
417677141,417773561
435734898,435845557
451666089,451770279
441377739,441614860
434027328,434259922
428156759,428289964
395594951,395871259
360243799,360390580
356891677,357134033
379915501,380001378
382682085,382919275
394152828,394258106
403873107,404006594
427573912,427731993
384957031,385105937
392806085,392964317
398779819,399031855
383436839,383714123
336552484,336691749
343270535,343366114
297957415,298124166
296900464,297145634
295787611,296049943
302803711,302949718
323042334,323179117
331984192,332134189
355085630,355403011
380029797,380362914
403210144,403360055
413219471,413322086
421846187,422164386
389189207,389522288
341216815,341370600
350995389,351155894
341026646,341187650
338645718,338811810
357404460,357901263
362248276,362551974
354183015,354317790
328333951,328544526
317329468,317647513
340619012,340948216
358605453,358759037
333812835,334016858
358219611,358366310
334050221,334432802
344784502,345121437
353062191,353384890
377013586,377160303
366708601,367087205
392786949,393111100
381981287,382314611
372248636,372576707
348905427,349225421
375490933,375835343
366232453,366541799
340580873,340766812
314328691,314526405
328589943,328924186
312104505,312425349
328111505,328444935
353394407,353727786
376253402,376599749
357782964,358076390
387596526,387929833
370820198,370968525
336637438,336988942
348684391,348857252
376234499,376562040
335623969,336001209
364256810,364597712
378794412,379178599
391603514,391920548
351793490,352161146
349852922,350063383
311728655,311931029
292801287,293107027
273723297,273853861
272582734,272793839
275176405,275357435
277536821,277740275
305453397,305779132
332550028,332712073
333743020,334092951
379448359,379604277
381613000,381985372
343387111,343572793
300879776,301085959
347257605,347395983
339170059,339516759
384686919,384856666
384908185,385116907
382755451,383174119
373242526,373593610
335098872,335279372
328089634,328270966
329890415,330228311
331189346,331368351
292695891,292886195
318945624,319326876
281352004,281537075
326919427,327253587
366075381,366410212
396308492,396643578
431701974,432045098
459310848,459507530
452079502,452431886
442104279,442297583
476954534,477273898
418257919,418450841
452060038,452234479
415650300,416009539
373213881,373573548
317035977,317231736
340752559,341096519
282724888,283094938
308744483,309119826
332537213,332713303
358000284,358346905
355675973,355822450
381859479,382041014
417207752,417557825
450492374,450667829
447711331,447963660
440108685,440438331
437848659,438113779
380123084,380308594
317661393,317836220
308292254,308592976
344316135,344607855
337296758,337459621
360088974,360392623
383523080,383873801
419809857,420128196
424490108,424843370
460133665,460287042
458843780,459123041
455800373,455918886
462176746,462420250
437451161,437743716
427801315,428076814
434381408,434682129
422554919,422869888
396704770,397017855
414393964,414676924
381836584,382000955
425590377,425895555
460673932,460808658
478718713,479067497
455221948,455527379
473872056,474193416
477438814,477728908
479437897,479723143
454956980,455247396
431733603,432021106
391282582,391448440
383610459,383930614
357793615,357952963
334990408,335298521
333591573,333737860
350607191,350907962
367712360,368030585
383090478,383403075
419073493,419335082
409366162,409661502
448258922,448383991
422197082,422490849
396270670,396406184
388389450,388707473
382354513,382642799
373292639,373580827
351031240,351336056
326084268,326389482
318991243,319137887
379297639,379626290
377601895,377731134
414291141,414598794
449931898,450105150
510573679,510901642
468582614,468718963
530185661,530503948
526033923,526324543
486179569,486477236
468897287,470863009
476273542,476535503
428423418,428558735
423322602,423587530
415636927,415772241
418995021,419244108
320100246,320234501
364890661,365141008
454870281,455130529
517125306,517450144
451057318,451321034
473236188,473501886
400280024,400433848
421489700,421762473
373718645,373863677
387691342,387945449
396692894,396948795
407076437,407372750
383333909,383646493
414315890,414633325
425746240,426059411
427875110,428208877
438201488,438384682
339564207,339851720
309272479,309413790
377346117,377641028
366307185,366583901
361634921,361914691
376644599,376952607
385952274,386201994
379292061,379631319
376938734,377236587
366831617,366968716
377469308,377755071
380143844,380283668
382800109,383096613
366432868,366695868
362837785,363197862
363827109,364171157
363758705,364081010
337850596,338112808
364702153,365027018
349849001,350115790
338249978,338553500
329175004,329331367
345742888,345908696
363684064,363846037
392505035,392858921
391455975,391769558
388078156,388252038
416869978,417027666
413751052,413900316
440792119,440937205
425136170,425417629
408345550,408614372
403146148,403249036
407069920,407225169
402143524,402248008
418361302,418680853
438805384,438924197
446757911,446909594
419700304,419802552
421121679,421305776
442287176,442593429
479084479,479261137
449995005,450097873
442747411,443010891
403451700,403566963
410567722,410670836
405428160,405535621
400233842,400485743
435496208,435626375
433601307,433847079
438242908,438576359
443541957,443687057
467287853,467410245
474504462,474635066
509515071,509650477
484116940,484232962
455256280,455368417
447614136,447757075
404640959,404770038
399483090,399615900
394298298,394565221
385886485,386120345
347665812,347786363
380316000,380424576
336274784,336391589
378647132,378757104
408612097,408720032
446094149,446230083
445653078,445766150
476360584,476521854
466631519,466897010
458190363,458346313
457358543,457468986
433979098,434293201
431308225,431424494
393774580,393883062
356017397,356120636
333246726,333389920
339706816,339811161
316706136,316858667
348939012,349230297
382683213,382824990
390416191,390694589
369985910,370244985
377199426,377300399
373945596,374071352
371128057,371226475
350420974,350701742
401840134,401954606
383451227,383680248
360497199,360787173
334592126,334707555
387685991,387801440
350480762,350733326
399379484,399483623
409919910,410019125
413602441,413699636
378644817,378900293
360569011,360668532
324924602,325143992
306350588,306587056
286121360,286390709
269166065,269291553
316705417,316864115
299289923,299447797
354208145,354334808
404236001,404349934
448968703,449089101
417993602,418099722
459165795,459429179
421582909,421817884
384999230,385232296
357185846,357301203
369834425,369934443
336575550,336684225
320847467,320981082
307509581,307621229
320670002,320831922
293193354,293560144
305577706,305708326
348053046,348313132
392297525,392452826
364442373,364768479
384460576,384555500
357243043,357425266
327677863,327789438
292312019,292425138
316899040,317189873
323495814,323783092
342807251,342949191
355916927,356068981
368540065,368656656
377055663,377180261
379586542,379701095
388816222,388944569
361390579,361568769
334560678,334739292
336805013,337087187
282038682,282352249
306909001,307046906
328499419,328636288
349832249,349961683
320221659,320387957
369096851,369449811
337084257,337424844
344881720,345212591
352327750,352451115
400767075,400940485
374957655,375132019
423266729,423425194
423228890,423532519
431260418,431403807
406452853,406615770
428050700,428202936
403369537,403712737
370377374,370695204
335898122,336066674
355424429,355562082
349070301,349205601
367937240,368099196
418916634,419239256
469985269,470154542
461841567,461993013
428975692,429158719
421813864,422138677
399214048,399558363
373045959,373202058
338420736,338610477
370869278,371013886
334180628,334365966
353213539,353538088
376894406,377220209
408612452,408769621
375734830,375965672
408613339,408928795
401270795,401609955
399551564,399739459
367051341,367302241
413950365,414257167
372394352,372646543
339921062,340287087
313055391,313227034
358054191,358212532
312983543,313132698
363620748,363955424
398105311,398429116
428822107,429139158
383600622,383750139
485878289,486077964
433368289,433511987
407952141,408228189
378923236,379167745
478800030,478900151
414916478,415036222
514868715,514971781
559803801,559909893
610239568,610347054
547623054,547930413
563251176,563390994
499897595,500042834
453586114,453707971
411581003,411712137
426088642,426193060
367661778,367854492
383610986,383721425
482276064,482383749
582151561,582262225
526282308,526451036
562644491,563016900
506524154,506699803
443353988,443471987
380990234,381094022
411529325,411635788
421922500,422246103
457051602,457155701
472252871,472361846
486257384,486405523
492006106,492152793
475983861,476178496
481625572,481764355
425086540,425218043
370770941,370893947
353516229,353839276
369873691,369984646
353342337,353524199
387925943,388026868
423530242,423669479
386401512,386557227
438831052,438933773
453755037,454075019
460753519,460865802
467452068,467774456
464612527,464894506
479001037,479099420
479678148,479837819
462444805,464669650
447875944,448041691
463349376,463501185
444257277,444352796
460910916,461248234
474627122,474746830
490338484,490653261
465650595,465747980
473306992,473415809
